Ponto (X,Y) Intensidade
1 (80.466, 4.165) 0
2 (114.317, 3.438) 0
3 (147.592, 3.113) 0
4 (181.556, 2.206) 0
5 (214.607, 1.274) 0
6 (248.340, 1.382) 0
7 (282.215, 1.348) 0
8 (315.384, 1.192) 0
9 (331.885, 5.007) 0
10 (365.906, 4.472) 0
11 (399.223, 3.629) 0
12 (432.674, 3.105) 0
13 (466.802, 2.685) 0
14 (500.244, 2.595) 0
15 (535.006, 1.767) 0
16 (568.064, 1.462) 0
17 (600.476, 0.952) 0
18 (634.259, 0.481) 0
19 (650.398, 4.905) 0
20 (684.364, 4.627) 0
21 (718.077, 3.917) 0
22 (752.466, 3.310) 0
23 (786.229, 2.549) 0
24 (819.712, 1.610) 0
25 (853.349, 1.242) 0
26 (886.500, 0.949) 0
27 (920.800, 0.400) 0
28 (1003.922, 4.183) 0
29 (12.898, 5.427) 0
30 (46.634, 5.316) 0
31 (617.518, 6.350) 9031
32 (970.329, 4.681) 0
33 (264.566, 7.162) 10474
34 (298.208, 6.251) 9219
35 (936.479, 5.621) 8675
36 (583.901, 7.166) 8646
37 (869.422, 7.331) 8339
38 (903.275, 6.458) 8218
39 (231.167, 8.196) 9425
40 (550.065, 8.194) 8245
41 (835.379, 8.489) 5607
42 (198.411, 9.440) 6220
43 (483.588, 10.569) 7139
44 (517.170, 9.851) 5666
45 (803.318, 10.013) 7513
46 (449.957, 11.307) 13597
47 (768.802, 11.068) 11066
48 (164.692, 10.877) 8235
49 (415.887, 11.823) 14281
50 (668.009, 13.508) 8560
51 (701.487, 12.667) 10636
52 (735.801, 11.673) 12301
53 (97.372, 12.979) 15108
54 (131.446, 11.847) 11272
55 (348.752, 13.853) 6428
56 (382.804, 13.135) 12685
57 (633.744, 14.303) 12261
58 (987.138, 13.110) 8229
59 (1019.167, 12.655) 0
60 (29.797, 14.651) 10128
61 (63.892, 13.883) 15943
62 (281.245, 15.924) 13317
63 (315.125, 14.879) 7080
64 (953.129, 14.038) 10909
65 (566.972, 16.527) 13877
66 (600.654, 15.810) 14175
67 (886.400, 16.202) 14143
68 (919.648, 15.288) 16525
69 (248.422, 17.506) 15427
70 (533.522, 17.591) 8680
71 (0.895, 16.649) 0
72 (214.815, 18.269) 10016
73 (500.293, 18.880) 6416
74 (852.664, 17.390) 7888
75 (180.982, 19.370) 6447
76 (466.730, 19.608) 7567
77 (819.991, 18.352) 6178
78 (399.273, 21.311) 8312
79 (432.741, 20.723) 8136
80 (718.043, 21.085) 10479
81 (752.101, 19.857) 10550
82 (786.000, 19.500) 7724
83 (147.940, 20.216) 7288
84 (651.636, 23.268) 8087
85 (684.962, 22.539) 9911
86 (1004.131, 21.977) 6531
87 (79.864, 22.408) 7803
88 (114.330, 21.423) 7512
89 (365.891, 22.487) 8635
90 (970.513, 22.350) 8878
91 (332.133, 23.155) 9036
92 (13.553, 24.787) 11866
93 (47.076, 24.033) 10325
94 (298.820, 24.907) 7822
95 (618.017, 25.065) 5994
96 (265.096, 26.197) 6732
97 (584.055, 25.890) 6052
98 (936.960, 24.502) 6817
99 (836.044, 26.692) 11400
100 (869.515, 26.056) 10190
101 (903.627, 24.898) 8880
102 (231.667, 26.734) 10041
103 (550.607, 26.501) 11097
104 (197.777, 28.232) 12811
105 (483.039, 28.045) 14134
106 (517.030, 27.526) 15030
107 (802.645, 28.160) 9271
108 (450.243, 30.204) 10007
109 (769.247, 28.936) 6570
110 (165.491, 29.932) 14987
111 (416.124, 30.917) 6842
112 (701.594, 31.222) 14373
113 (735.813, 30.692) 8962
114 (97.275, 31.454) 10441
115 (131.630, 30.448) 10630
116 (348.802, 32.363) 13422
117 (383.068, 31.650) 9803
118 (668.215, 32.132) 16496
119 (64.274, 32.554) 9578
120 (315.109, 33.471) 13724
121 (635.130, 33.054) 10485
122 (986.930, 32.137) 12961
123 (1019.151, 32.003) 0
124 (30.234, 33.650) 10455
125 (953.549, 32.501) 9328
126 (567.106, 35.383) 7096
127 (920.389, 33.631) 6157
128 (0.947, 35.787) 0
129 (248.025, 35.920) 6528
130 (281.736, 35.400) 8688
131 (601.324, 34.342) 7915
132 (819.762, 36.587) 11371
133 (852.449, 35.509) 12585
134 (886.489, 35.056) 8534
135 (214.659, 36.458) 10537
136 (500.284, 37.369) 10136
137 (533.720, 36.967) 8777
138 (181.322, 38.491) 9357
139 (466.707, 39.371) 10365
140 (752.226, 39.452) 5032
141 (785.626, 39.011) 7560
142 (147.638, 39.746) 8802
143 (398.859, 40.436) 9250
144 (432.959, 40.135) 9789
145 (684.649, 41.048) 8220
146 (718.074, 40.704) 8199
147 (79.684, 41.118) 12238
148 (113.700, 40.920) 11175
149 (365.212, 41.663) 8094
150 (617.074, 42.705) 12562
151 (650.817, 41.781) 9559
152 (1004.018, 41.475) 11911
153 (46.559, 42.114) 8585
154 (331.921, 42.708) 5725
155 (936.074, 42.709) 10243
156 (969.975, 41.977) 10582
157 (13.026, 43.439) 5787
158 (298.130, 43.220) 10646
159 (902.830, 43.549) 10029
160 (584.577, 44.608) 13660
161 (264.791, 44.842) 14413
162 (550.499, 45.759) 12199
163 (836.026, 45.985) 6830
164 (869.041, 45.265) 8682
165 (231.566, 45.593) 10650
166 (802.168, 46.828) 7443
167 (198.098, 46.588) 8152
168 (517.007, 46.745) 6789
169 (164.600, 48.497) 8039
170 (449.421, 48.182) 13026
171 (483.520, 47.704) 9737
172 (734.992, 48.563) 13148
173 (768.796, 47.887) 15217
174 (416.310, 49.083) 14162
175 (667.569, 50.663) 7697
176 (1019.280, 49.212) 0
177 (63.085, 51.333) 13199
178 (97.227, 50.296) 14121
179 (131.142, 49.549) 10750
180 (382.646, 50.496) 11431
181 (634.729, 52.024) 12455
182 (701.649, 49.891) 9367
183 (986.675, 50.600) 11744
184 (29.851, 52.067) 7390
185 (349.192, 51.667) 7358
186 (281.490, 53.302) 8723
187 (315.309, 52.541) 7358
188 (953.279, 52.000) 12596
189 (920.264, 52.815) 14593
190 (247.661, 54.414) 10712
191 (567.383, 54.312) 10866
192 (601.111, 53.960) 10406
193 (852.300, 54.669) 7402
194 (886.187, 53.874) 11242
195 (1.136, 54.951) 0
196 (214.191, 55.049) 9056
197 (533.345, 55.404) 8843
198 (818.742, 55.331) 5704
199 (180.638, 56.523) 8531
200 (466.301, 56.705) 7192
201 (500.413, 56.520) 9791
202 (785.140, 56.557) 6408
203 (432.557, 57.315) 6337
204 (718.360, 58.203) 10240
205 (751.653, 57.435) 8244
206 (147.393, 57.499) 9409
207 (398.580, 58.762) 7059
208 (684.717, 59.514) 13439
209 (1003.454, 59.820) 8520
210 (114.028, 58.870) 8018
211 (650.668, 60.622) 10965
212 (46.082, 61.007) 10872
213 (80.398, 60.008) 8324
214 (331.591, 60.996) 13272
215 (12.962, 62.018) 12952
216 (297.949, 61.832) 9410
217 (366.051, 60.583) 14559
218 (936.397, 61.476) 5609
219 (970.167, 60.887) 8539
220 (617.387, 61.704) 6376
221 (902.608, 61.814) 8786
222 (264.526, 62.841) 7615
223 (550.193, 64.226) 11897
224 (584.144, 62.920) 6751
225 (835.939, 64.190) 15507
226 (869.380, 63.022) 11692
227 (231.234, 64.410) 10177
228 (802.427, 65.657) 11449
229 (163.723, 65.932) 15410
230 (197.378, 64.685) 14128
231 (449.602, 66.803) 8360
232 (517.056, 64.953) 15021
233 (130.198, 66.832) 11117
234 (482.977, 65.970) 14077
235 (768.438, 66.542) 5686
236 (734.864, 67.567) 7210
237 (1019.268, 67.726) 0
238 (415.703, 68.308) 6673
239 (701.418, 68.373) 12965
240 (29.881, 71.011) 7903
241 (63.444, 69.420) 6785
242 (96.326, 68.523) 7301
243 (348.525, 69.189) 12953
244 (381.780, 68.454) 7774
245 (634.020, 70.490) 11132
246 (667.785, 69.779) 13573
247 (315.074, 70.628) 10149
248 (600.132, 71.328) 6834
249 (952.914, 70.481) 7978
250 (986.012, 68.947) 14380
251 (281.573, 72.240) 7660
252 (919.347, 71.795) 6288
253 (248.520, 73.348) 7456
254 (567.312, 72.460) 6595
255 (886.703, 72.926) 6878
256 (0.895, 72.351) 0
257 (214.647, 74.216) 7315
258 (852.710, 73.819) 8353
259 (533.812, 74.148) 6760
260 (818.728, 74.403) 9043
261 (146.752, 76.271) 9169
262 (180.901, 75.441) 6347
263 (466.267, 75.586) 11936
264 (500.302, 74.831) 7587
265 (432.860, 77.172) 13226
266 (751.526, 76.186) 8778
267 (785.753, 75.493) 10091
268 (112.980, 77.051) 14903
269 (399.091, 78.079) 14884
270 (718.069, 77.650) 8587
271 (1003.023, 78.156) 9786
272 (79.895, 78.591) 15399
273 (364.904, 79.000) 11492
274 (650.904, 79.522) 11658
275 (684.131, 78.537) 8419
276 (969.881, 79.908) 12110
277 (45.839, 79.482) 10476
278 (331.287, 79.964) 6213
279 (617.246, 80.257) 15256
280 (12.705, 80.598) 5608
281 (297.630, 80.598) 14182
282 (583.176, 80.864) 15016
283 (264.268, 81.771) 15659
284 (936.160, 80.525) 16153
285 (868.680, 81.971) 8879
286 (902.563, 81.633) 12939
287 (516.584, 83.213) 6783
288 (549.529, 82.298) 10354
289 (835.322, 82.892) 5605
290 (163.696, 85.087) 6633
291 (197.252, 83.977) 8000
292 (230.691, 83.662) 13140
293 (482.923, 84.163) 7896
294 (768.275, 85.064) 12509
295 (801.974, 83.921) 10448
296 (130.383, 86.275) 10122
297 (416.010, 87.377) 10401
298 (448.953, 85.279) 9202
299 (734.223, 85.863) 11441
300 (96.401, 87.585) 9273
301 (1019.109, 86.946) 0
302 (62.574, 88.365) 9479
303 (29.863, 89.496) 7841
304 (382.590, 88.521) 9272
305 (667.673, 88.444) 7732
306 (701.127, 88.139) 8402
307 (315.073, 89.506) 7595
308 (348.389, 89.024) 9284
309 (600.179, 89.858) 7454
310 (634.279, 89.381) 8715
311 (919.141, 89.889) 9943
312 (952.736, 89.151) 11284
313 (986.974, 88.876) 11053
314 (281.289, 90.582) 6760
315 (566.327, 90.453) 8218
316 (852.086, 91.774) 8944
317 (885.815, 91.206) 9107
318 (0.867, 90.500) 0
319 (247.918, 92.137) 8474
320 (818.823, 93.116) 8510
321 (180.330, 93.979) 12885
322 (214.335, 93.716) 11508
323 (500.062, 93.627) 11167
324 (533.261, 92.529) 11356
325 (784.887, 94.277) 5303
326 (147.369, 95.309) 11622
327 (466.590, 94.866) 6433
328 (751.193, 95.098) 6610
329 (433.120, 95.682) 5768
330 (113.773, 96.533) 8847
331 (398.453, 96.733) 8249
332 (718.350, 96.506) 13383
333 (80.248, 97.913) 8060
334 (650.936, 97.846) 13920
335 (684.607, 97.465) 16270
336 (969.578, 97.928) 9291
337 (1002.693, 97.169) 11691
338 (13.190, 99.054) 13607
339 (46.633, 98.421) 12366
340 (331.507, 98.811) 16145
341 (365.361, 97.886) 15225
342 (617.204, 99.119) 7454
343 (936.204, 98.991) 7416
344 (297.715, 99.851) 11977
345 (902.545, 100.202) 9585
346 (264.753, 101.074) 7583
347 (583.871, 100.904) 7661
348 (231.280, 101.837) 10223
349 (550.510, 101.611) 11962
350 (197.598, 103.060) 12594
351 (836.240, 102.592) 12919
352 (869.387, 101.864) 12086
353 (516.681, 102.375) 13951
354 (802.452, 103.425) 10685
355 (164.427, 104.093) 11251
356 (449.056, 104.202) 7964
357 (483.583, 103.493) 8571
358 (768.319, 104.039) 5791
359 (97.007, 106.268) 9041
360 (131.065, 105.672) 10277
361 (415.475, 105.260) 7968
362 (701.165, 106.186) 7747
363 (734.551, 105.300) 7051
364 (1019.192, 105.620) 0
365 (29.650, 108.110) 4604
366 (63.332, 107.536) 6958
367 (382.573, 106.805) 7258
368 (667.793, 106.996) 10278
369 (986.622, 107.045) 10896
370 (348.801, 108.109) 7364
371 (634.106, 108.281) 10704
372 (281.187, 109.637) 12435
373 (315.332, 109.147) 9459
374 (953.304, 108.242) 8489
375 (601.094, 109.881) 10300
376 (919.897, 109.415) 7573
377 (0.986, 110.116) 0
378 (247.843, 110.738) 10567
379 (214.312, 111.928) 6837
380 (567.545, 110.837) 7389
381 (818.545, 112.027) 10017
382 (852.991, 111.597) 5970
383 (886.161, 110.349) 7602
384 (180.864, 113.064) 6943
385 (465.501, 112.826) 13417
386 (500.132, 112.111) 8823
387 (533.279, 110.915) 7412
388 (785.297, 112.677) 14443
389 (147.411, 113.990) 12883
390 (432.625, 113.950) 15681
391 (80.257, 115.866) 13794
392 (113.582, 115.128) 15826
393 (751.810, 114.146) 12820
394 (398.842, 115.743) 12668
395 (1003.742, 116.072) 10663
396 (365.390, 116.865) 8756
397 (684.490, 115.826) 8023
398 (718.366, 115.585) 8517
399 (969.929, 116.844) 14123
400 (12.770, 117.414) 3844
401 (46.053, 116.835) 9037
402 (331.773, 117.809) 7167
403 (650.912, 116.751) 12291
404 (936.244, 117.533) 15912
405 (298.195, 118.858) 10857
406 (617.300, 117.679) 14994
407 (902.953, 118.185) 12271
408 (264.352, 119.667) 13451
409 (584.196, 118.634) 12518
410 (231.406, 121.266) 9446
411 (517.201, 121.354) 5928
412 (550.506, 119.925) 7530
413 (869.118, 120.184) 8101
414 (164.327, 122.379) 7069
415 (483.307, 122.142) 6632
416 (197.581, 121.809) 7032
417 (769.053, 122.641) 8285
418 (802.660, 122.291) 8731
419 (835.867, 121.336) 6868
420 (449.223, 123.266) 5806
421 (735.382, 123.922) 9104
422 (63.518, 124.821) 10413
423 (96.795, 124.584) 7315
424 (130.918, 123.939) 6770
425 (416.027, 124.022) 8232
426 (29.298, 126.011) 9367
427 (382.169, 125.119) 10358
428 (633.710, 126.008) 7148
429 (667.448, 125.505) 8796
430 (701.708, 124.719) 9815
431 (1019.282, 124.392) 0
432 (348.443, 126.292) 13420
433 (919.504, 126.780) 9563
434 (953.520, 126.647) 7882
435 (986.808, 125.814) 7615
436 (314.900, 126.985) 9400
437 (600.727, 127.980) 8378
438 (0.857, 128.032) 0
439 (281.106, 128.640) 7478
440 (567.247, 129.416) 13959
441 (247.993, 129.639) 10103
442 (886.200, 128.747) 11694
443 (214.669, 130.689) 16416
444 (533.511, 130.292) 15781
445 (853.092, 130.035) 15569
446 (146.745, 131.691) 11354
447 (180.651, 131.524) 16664
448 (500.105, 131.025) 13208
449 (785.867, 131.425) 6236
450 (818.890, 130.789) 10363
451 (113.461, 132.892) 9205
452 (466.184, 131.883) 9204
453 (752.190, 132.675) 8794
454 (80.209, 134.099) 7788
455 (398.854, 133.591) 9322
456 (432.483, 132.420) 5701
457 (684.522, 134.498) 13396
458 (1003.751, 133.739) 12160
459 (46.488, 135.044) 8368
460 (365.357, 134.430) 14352
461 (718.116, 133.658) 13617
462 (13.261, 136.043) 9016
463 (298.639, 136.955) 7565
464 (618.133, 136.541) 6901
465 (651.364, 135.472) 10456
466 (936.844, 136.285) 8523
467 (970.339, 135.494) 7390
468 (332.447, 136.567) 11210
469 (903.586, 137.093) 10116
470 (231.499, 138.690) 8476
471 (264.937, 138.497) 6943
472 (584.671, 138.116) 7731
473 (869.177, 138.115) 10942
474 (197.710, 140.123) 8082
475 (517.145, 139.366) 8111
476 (550.447, 138.882) 9017
477 (836.406, 139.044) 10569
478 (163.762, 140.471) 9343
479 (483.040, 140.161) 8209
480 (768.673, 140.627) 7926
481 (802.349, 139.500) 7652
482 (96.841, 142.323) 10867
483 (130.197, 141.453) 12262
484 (415.862, 142.310) 9943
485 (450.127, 141.209) 10947
486 (63.271, 143.968) 8020
487 (735.124, 142.122) 6124
488 (1019.419, 142.486) 0
489 (382.753, 143.573) 6916
490 (348.498, 144.750) 7874
491 (986.459, 143.909) 9893
492 (30.316, 145.349) 3779
493 (634.054, 145.195) 14241
494 (668.660, 145.201) 11884
495 (701.617, 144.293) 6858
496 (953.531, 145.000) 11165
497 (314.821, 146.012) 12423
498 (601.296, 146.260) 14731
499 (920.162, 145.919) 9419
500 (247.850, 147.569) 12033
501 (281.465, 146.676) 16838
502 (567.452, 147.111) 10260
503 (886.423, 147.250) 7410
504 (1.237, 147.301) 0
505 (214.883, 148.878) 7664
506 (533.624, 148.171) 7234
507 (819.452, 148.614) 10296
508 (853.180, 147.956) 6989
509 (146.970, 150.107) 13508
510 (181.019, 149.134) 8348
511 (499.730, 148.977) 8989
512 (785.243, 149.489) 16883
513 (113.948, 151.654) 13571
514 (466.880, 150.032) 12371
515 (80.863, 152.870) 11003
516 (433.557, 151.477) 12670
517 (752.424, 150.745) 12046
518 (718.649, 152.389) 6259
519 (970.416, 153.011) 16964
520 (1003.847, 152.819) 12097
521 (13.995, 154.858) 5031
522 (332.520, 154.201) 8184
523 (366.100, 153.072) 5830
524 (399.960, 152.628) 9341
525 (685.618, 153.124) 9579
526 (47.316, 154.221) 6340
527 (618.212, 154.405) 14510
528 (651.631, 153.909) 12470
529 (937.125, 154.248) 12549
530 (266.042, 156.538) 9338
531 (299.430, 155.844) 8762
532 (584.768, 155.758) 9611
533 (904.211, 155.784) 9063
534 (551.538, 157.066) 9315
535 (231.884, 158.028) 10005
536 (517.736, 157.614) 7537
537 (870.996, 157.795) 7694
538 (164.607, 158.942) 7079
539 (198.277, 158.460) 8978
540 (483.792, 158.774) 5158
541 (837.360, 158.646) 7746
542 (450.286, 159.930) 5785
543 (769.667, 159.335) 8897
544 (802.971, 158.941) 6990
545 (131.047, 160.773) 7172
546 (416.277, 160.744) 8972
547 (98.105, 161.797) 9724
548 (735.618, 161.181) 13036
549 (64.590, 162.691) 15272
550 (350.175, 163.454) 14853
551 (383.231, 162.152) 16606
552 (702.480, 161.764) 14113
553 (953.861, 163.280) 7421
554 (987.276, 162.389) 6850
555 (1019.618, 161.569) 0
556 (31.304, 163.621) 13113
557 (634.697, 163.739) 7740
558 (668.893, 162.463) 8653
559 (920.995, 164.743) 12451
560 (1.253, 164.507) 0
561 (283.052, 166.047) 9115
562 (316.781, 165.491) 8037
563 (601.725, 165.548) 11460
564 (215.129, 167.637) 15155
565 (249.011, 166.971) 13812
566 (568.468, 166.546) 14563
567 (181.524, 168.258) 12496
568 (500.438, 167.941) 11073
569 (534.427, 167.063) 15932
570 (820.110, 167.587) 9776
571 (853.553, 166.535) 14429
572 (886.971, 166.231) 17524
573 (466.901, 168.859) 4849
574 (785.797, 168.246) 6340
575 (148.068, 169.828) 7816
576 (752.672, 169.354) 10352
577 (114.614, 170.989) 7404
578 (400.538, 171.051) 9657
579 (433.320, 170.028) 5493
580 (81.197, 171.530) 7297
581 (366.247, 172.053) 9518
582 (719.189, 170.589) 11402
583 (13.700, 173.173) 7916
584 (47.533, 172.437) 8815
585 (686.083, 172.479) 9237
586 (970.900, 172.854) 6496
587 (1004.249, 172.276) 11262
588 (332.917, 173.090) 9570
589 (652.417, 173.473) 8762
590 (937.729, 173.884) 7488
591 (299.139, 174.307) 8247
592 (618.577, 174.000) 7155
593 (904.163, 174.800) 6697
594 (265.681, 175.163) 7974
595 (585.232, 174.708) 6698
596 (870.084, 175.050) 8289
597 (232.110, 176.224) 6726
598 (517.488, 176.579) 8692
599 (551.819, 175.733) 8128
600 (802.976, 176.567) 10799
601 (836.568, 176.405) 9696
602 (198.585, 177.359) 7214
603 (450.639, 178.931) 13834
604 (484.256, 177.792) 11887
605 (165.394, 178.910) 15266
606 (769.753, 178.192) 9789
607 (131.838, 179.832) 16842
608 (98.642, 180.593) 11919
609 (417.191, 180.084) 11088
610 (64.518, 181.241) 7029
611 (350.409, 181.647) 10366
612 (383.748, 181.029) 7548
613 (736.532, 180.422) 6994
614 (1019.723, 180.686) 0
615 (30.951, 182.000) 6265
616 (282.434, 183.502) 15841
617 (316.400, 182.396) 16399
618 (635.479, 182.292) 18212
619 (669.333, 181.714) 16781
620 (702.874, 181.548) 9606
621 (954.778, 182.505) 12931
622 (987.692, 181.852) 13081
623 (601.164, 183.190) 13954
624 (921.156, 183.330) 8378
625 (1.293, 183.646) 0
626 (248.973, 185.210) 8891
627 (853.301, 184.971) 8089
628 (887.138, 183.919) 7477
629 (534.267, 185.639) 7053
630 (568.082, 184.152) 8893
631 (820.010, 185.759) 11791
632 (215.762, 186.524) 6471
633 (501.021, 186.558) 8639
634 (786.905, 187.025) 12865
635 (181.940, 187.291) 7848
636 (467.241, 187.408) 8878
637 (148.281, 188.428) 9048
638 (114.438, 188.904) 8989
639 (400.218, 189.312) 8833
640 (433.956, 188.604) 10448
641 (752.905, 188.448) 9174
642 (47.881, 190.776) 7869
643 (80.871, 189.925) 10272
644 (366.315, 189.919) 8542
645 (686.067, 189.894) 7613
646 (719.436, 189.007) 6659
647 (1004.317, 190.346) 9815
648 (13.640, 191.071) 6119
649 (299.576, 192.525) 6437
650 (333.227, 190.923) 6716
651 (652.048, 190.928) 8679
652 (937.646, 191.282) 9683
653 (971.013, 191.237) 10835
654 (618.614, 192.188) 10114
655 (904.079, 192.848) 8846
656 (266.070, 193.847) 9481
657 (585.402, 193.843) 11087
658 (870.319, 193.994) 9057
659 (232.303, 195.335) 12692
660 (518.128, 195.499) 10592
661 (551.435, 195.170) 15551
662 (803.394, 195.606) 5957
663 (836.650, 194.989) 6929
664 (199.096, 196.280) 12055
665 (450.874, 196.510) 9072
666 (483.814, 196.288) 7029
667 (165.119, 196.935) 9349
668 (416.642, 197.499) 12068
669 (770.184, 196.738) 10772
670 (98.283, 198.366) 12394
671 (131.577, 197.779) 7695
672 (383.653, 199.079) 17138
673 (669.529, 199.858) 8256
674 (702.422, 198.486) 14391
675 (736.552, 197.372) 15479
676 (1019.815, 198.550) 0
677 (31.194, 200.421) 13459
678 (64.694, 199.622) 13992
679 (316.789, 201.152) 6009
680 (350.177, 200.147) 12801
681 (954.524, 201.201) 9475
682 (988.350, 200.400) 5846
683 (636.150, 201.127) 9058
684 (921.168, 201.630) 12553
685 (250.065, 203.305) 12788
686 (283.125, 202.252) 8799
687 (602.227, 202.089) 12360
688 (1.322, 202.378) 0
689 (568.973, 203.156) 14129
690 (854.493, 203.850) 11116
691 (887.614, 202.921) 15948
692 (500.728, 204.962) 7768
693 (534.903, 203.777) 13061
694 (216.140, 204.828) 11542
695 (433.768, 206.427) 6497
696 (467.303, 205.825) 7357
697 (787.218, 205.248) 7809
698 (820.810, 204.788) 6281
699 (149.571, 206.600) 9369
700 (182.406, 205.290) 9494
701 (400.830, 207.548) 6816
702 (754.031, 206.835) 7798
703 (115.401, 207.611) 8798
704 (720.422, 207.168) 9059
705 (81.811, 208.997) 5783
706 (686.885, 208.529) 11112
707 (48.424, 209.524) 7507
708 (334.043, 210.136) 11018
709 (367.955, 209.283) 10136
710 (1005.444, 209.209) 7376
711 (14.764, 209.815) 9930
712 (299.886, 210.670) 12218
713 (652.981, 209.620) 10367
714 (938.690, 210.389) 7108
715 (971.467, 209.959) 7066
716 (266.667, 212.237) 7385
717 (619.284, 210.761) 9208
718 (904.406, 211.115) 5941
719 (232.675, 212.875) 7424
720 (552.034, 212.941) 9426
721 (586.487, 211.922) 7197
722 (871.240, 212.548) 8335
723 (518.188, 214.019) 13114
724 (804.237, 213.835) 12724
725 (837.781, 213.187) 11941
726 (199.436, 214.315) 9119
727 (485.085, 215.004) 16809
728 (770.798, 215.323) 8318
729 (132.124, 216.236) 15214
730 (166.467, 215.527) 18151
731 (417.691, 216.362) 8850
732 (451.091, 215.521) 15269
733 (98.440, 217.875) 11402
734 (384.177, 217.184) 7051
735 (737.387, 216.435) 7614
736 (1019.917, 217.523) 0
737 (31.695, 218.866) 8775
738 (65.589, 218.929) 5926
739 (350.665, 219.050) 10548
740 (636.350, 219.137) 13469
741 (670.128, 218.594) 13528
742 (703.333, 217.698) 9706
743 (989.046, 218.564) 14683
744 (2.061, 219.589) 0
745 (316.880, 219.899) 12391
746 (955.143, 219.767) 12616
747 (249.645, 221.734) 6830
748 (283.073, 221.227) 11294
749 (602.833, 220.677) 7756
750 (921.861, 220.590) 6451
751 (568.804, 222.140) 7342
752 (888.371, 221.610) 6793
753 (535.094, 223.081) 7443
754 (853.902, 222.259) 7256
755 (215.647, 223.181) 6349
756 (501.116, 223.937) 8058
757 (787.177, 224.156) 8837
758 (820.866, 223.140) 10031
759 (148.150, 224.771) 6838
760 (182.679, 223.949) 6919
761 (467.877, 224.970) 8242
762 (400.862, 225.868) 12657
763 (434.200, 225.454) 10862
764 (753.780, 225.052) 8927
765 (115.494, 226.016) 9361
766 (686.643, 226.561) 5739
767 (720.015, 226.032) 8700
768 (1005.433, 227.577) 7826
769 (14.906, 228.748) 7735
770 (81.864, 227.222) 13613
771 (367.144, 227.512) 11590
772 (48.222, 228.433) 10781
773 (333.735, 228.419) 6991
774 (652.929, 228.000) 7132
775 (972.153, 228.693) 8366
776 (300.371, 229.978) 7099
777 (619.072, 229.184) 10640
778 (938.677, 229.626) 11286
779 (266.438, 230.763) 14280
780 (585.233, 230.485) 13166
781 (904.652, 230.326) 12214
782 (233.357, 231.755) 16141
783 (837.030, 231.597) 8381
784 (871.488, 231.326) 11319
785 (199.240, 233.040) 13189
786 (552.422, 231.862) 16329
787 (804.537, 232.992) 8921
788 (165.312, 234.436) 8450
789 (450.962, 234.355) 9757
790 (518.686, 233.242) 11248
791 (132.369, 234.767) 7405
792 (417.490, 235.127) 12146
793 (484.315, 234.284) 7829
794 (770.008, 234.520) 11825
795 (98.957, 235.686) 10464
796 (702.994, 235.851) 10332
797 (736.777, 235.019) 14823
798 (350.452, 236.507) 9405
799 (383.873, 236.380) 12669
800 (669.690, 237.032) 5950
801 (1019.769, 236.898) 0
802 (31.225, 237.799) 8924
803 (65.050, 237.010) 9948
804 (954.797, 238.071) 9702
805 (316.439, 238.301) 5641
806 (636.511, 237.892) 8953
807 (988.560, 237.402) 6382
808 (1.528, 239.083) 0
809 (283.159, 239.714) 6827
810 (602.456, 239.120) 8852
811 (887.484, 239.748) 11121
812 (921.287, 239.549) 9039
813 (182.078, 242.287) 9672
814 (215.817, 241.214) 9230
815 (249.676, 240.459) 9085
816 (501.391, 242.560) 13293
817 (535.151, 241.701) 10937
818 (569.378, 241.027) 8401
819 (820.217, 241.730) 7436
820 (854.246, 241.288) 8748
821 (786.852, 242.896) 6062
822 (468.162, 243.634) 11518
823 (148.422, 243.840) 14551
824 (434.067, 244.271) 7742
825 (753.811, 244.148) 6002
826 (81.482, 245.137) 6289
827 (115.160, 244.831) 11730
828 (367.417, 246.210) 11571
829 (400.147, 244.940) 6778
830 (686.302, 245.859) 12047
831 (720.014, 244.959) 8836
832 (48.027, 246.620) 9816
833 (333.616, 246.962) 15878
834 (652.613, 247.273) 13135
835 (1005.409, 245.998) 9880
836 (14.644, 247.455) 14284
837 (619.065, 247.908) 11219
838 (971.874, 246.899) 7700
839 (266.072, 249.298) 8101
840 (299.972, 248.357) 13733
841 (904.947, 249.130) 7185
842 (938.054, 248.153) 6946
843 (232.546, 250.113) 8043
844 (585.401, 249.431) 8459
845 (870.825, 249.748) 11210
846 (199.085, 251.142) 12378
847 (552.354, 250.131) 11185
848 (837.278, 250.434) 13807
849 (164.795, 251.939) 14327
850 (484.600, 251.781) 15262
851 (517.955, 251.264) 13805
852 (803.507, 251.050) 13822
853 (450.677, 252.923) 10863
854 (98.588, 254.192) 8209
855 (132.071, 253.415) 12347
856 (417.491, 253.823) 8265
857 (736.553, 253.579) 6243
858 (769.896, 252.539) 7405
859 (65.171, 256.111) 6847
860 (383.465, 254.932) 7675
861 (702.772, 254.937) 6831
862 (1020.137, 254.505) 0
863 (350.916, 256.828) 7033
864 (988.721, 255.723) 12727
865 (31.761, 257.153) 6525
866 (670.154, 256.477) 10020
867 (2.197, 258.868) 0
868 (283.112, 258.263) 8815
869 (316.945, 257.650) 7799
870 (636.345, 257.675) 9430
871 (955.505, 256.871) 9040
872 (249.716, 258.788) 9700
873 (603.068, 258.456) 8216
874 (887.739, 258.659) 6787
875 (921.873, 258.452) 6750
876 (216.010, 259.734) 8742
877 (569.190, 258.944) 10113
878 (854.059, 259.571) 5496
879 (182.045, 261.291) 6591
880 (501.160, 260.992) 8149
881 (535.380, 259.800) 9155
882 (786.695, 261.193) 10166
883 (820.690, 260.471) 7380
884 (148.821, 262.393) 7236
885 (467.643, 261.919) 11705
886 (753.423, 262.124) 12667
887 (115.027, 263.715) 11053
888 (434.322, 263.141) 13132
889 (720.074, 263.703) 11759
890 (401.085, 264.917) 16838
891 (686.904, 265.233) 6371
892 (81.480, 264.960) 14878
893 (367.201, 265.288) 12937
894 (1005.448, 265.269) 6746
895 (48.526, 266.022) 11842
896 (299.879, 267.067) 9422
897 (333.998, 265.967) 6809
898 (653.422, 265.997) 9699
899 (971.900, 266.012) 9198
900 (14.763, 266.836) 7827
901 (266.690, 267.755) 16308
902 (551.855, 268.388) 15475
903 (585.745, 267.993) 16256
904 (619.262, 267.023) 13400
905 (904.471, 267.128) 15172
906 (938.294, 267.057) 14327
907 (233.493, 269.074) 14413
908 (518.695, 270.450) 8199
909 (870.857, 268.594) 11378
910 (199.661, 270.823) 8444
911 (485.557, 271.525) 7254
912 (770.335, 271.525) 9738
913 (803.531, 270.354) 6358
914 (837.516, 269.976) 6670
915 (132.845, 272.673) 7481
916 (166.532, 271.800) 5630
917 (451.162, 272.128) 8018
918 (99.239, 272.781) 7257
919 (703.038, 273.788) 8524
920 (737.467, 272.993) 9826
921 (418.024, 273.446) 7800
922 (669.575, 274.590) 7109
923 (64.747, 273.954) 7641
924 (350.237, 274.924) 10747
925 (384.480, 274.122) 8997
926 (635.941, 275.196) 5691
927 (1020.542, 274.076) 0
928 (31.780, 275.273) 10379
929 (316.968, 275.754) 9229
930 (989.000, 274.697) 6064
931 (1.809, 276.880) 0
932 (283.665, 276.799) 6974
933 (603.025, 277.103) 6272
934 (921.512, 276.187) 8198
935 (954.969, 275.646) 7178
936 (568.933, 278.170) 7944
937 (216.242, 279.352) 11109
938 (250.129, 278.149) 7619
939 (853.691, 278.837) 10751
940 (887.688, 278.017) 8305
941 (535.336, 279.418) 13953
942 (182.786, 280.643) 17485
943 (501.811, 280.329) 15268
944 (787.244, 280.843) 8448
945 (820.868, 279.926) 11993
946 (114.834, 281.708) 10243
947 (148.786, 281.205) 14781
948 (434.114, 281.607) 9053
949 (467.955, 281.033) 13416
950 (81.369, 282.918) 6645
951 (367.269, 283.533) 11556
952 (720.115, 282.344) 11541
953 (753.559, 281.787) 7215
954 (400.838, 282.817) 5941
955 (686.159, 283.290) 14906
956 (48.263, 285.097) 8884
957 (333.846, 285.064) 16226
958 (652.252, 284.423) 14755
959 (971.161, 284.965) 10960
960 (1005.756, 283.526) 14188
961 (14.549, 285.706) 13289
962 (938.244, 285.389) 6249
963 (266.675, 287.173) 6689
964 (300.074, 286.356) 12101
965 (585.438, 287.024) 6978
966 (619.154, 286.180) 8518
967 (903.563, 286.294) 6568
968 (232.782, 288.030) 7328
969 (551.833, 288.543) 7426
970 (836.782, 288.580) 10159
971 (870.819, 287.985) 9781
972 (199.261, 289.228) 8935
973 (484.071, 290.098) 9087
974 (517.973, 289.069) 9459
975 (769.802, 290.091) 7110
976 (803.551, 289.598) 11513
977 (98.559, 292.145) 10652
978 (131.606, 290.855) 8656
979 (165.360, 290.277) 8983
980 (417.175, 291.754) 10554
981 (450.375, 290.849) 9463
982 (702.780, 292.560) 5478
983 (736.346, 291.976) 6988
984 (383.902, 293.128) 9457
985 (668.736, 293.517) 6906
986 (1020.055, 292.786) 0
987 (64.774, 293.205) 10415
988 (350.344, 294.240) 6743
989 (30.528, 294.191) 7205
990 (316.622, 294.608) 7391
991 (635.384, 294.581) 9682
992 (954.230, 294.852) 8916
993 (988.249, 294.067) 8931
994 (282.780, 295.719) 11611
995 (920.720, 296.078) 10140
996 (1.325, 296.250) 0
997 (249.407, 297.347) 14005
998 (601.554, 296.214) 13956
999 (533.837, 297.796) 11238
1000 (567.952, 297.203) 16229
1001 (853.813, 298.049) 6016
1002 (182.219, 299.321) 7791
1003 (215.938, 298.604) 10794
1004 (500.803, 299.189) 7296
1005 (819.762, 298.810) 7145
1006 (887.126, 297.047) 9581
1007 (467.915, 299.785) 11355
1008 (786.735, 299.935) 13069
1009 (80.816, 301.965) 13381
1010 (148.493, 300.374) 7354
1011 (433.921, 301.318) 12270
1012 (752.924, 300.757) 15722
1013 (114.956, 301.427) 10605
1014 (46.980, 302.846) 11356
1015 (400.021, 302.308) 13543
1016 (719.231, 302.112) 12609
1017 (332.661, 303.379) 5663
1018 (366.652, 302.986) 9599
1019 (652.097, 303.841) 7229
1020 (685.118, 302.810) 6921
1021 (970.404, 303.892) 7537
1022 (1004.487, 303.338) 7387
1023 (13.744, 303.984) 6556
1024 (298.925, 304.671) 7792
1025 (265.272, 305.986) 10424
1026 (618.088, 304.584) 10537
1027 (550.542, 307.145) 9606
1028 (584.459, 306.063) 11252
1029 (903.483, 306.214) 13169
1030 (936.726, 305.296) 10560
1031 (232.363, 307.308) 9922
1032 (869.333, 306.549) 9288
1033 (198.440, 308.398) 9065
1034 (483.783, 308.837) 9482
1035 (517.447, 308.212) 9687
1036 (836.550, 307.629) 6587
1037 (97.611, 311.222) 5490
1038 (164.690, 309.504) 9599
1039 (450.299, 309.442) 6649
1040 (735.368, 310.604) 6950
1041 (769.208, 309.227) 7083
1042 (802.290, 308.700) 5984
1043 (131.083, 310.457) 9140
1044 (702.010, 311.773) 11529
1045 (383.184, 311.944) 9290
1046 (416.548, 311.017) 6808
1047 (30.362, 312.863) 13467
1048 (64.227, 312.479) 7998
1049 (349.412, 312.590) 13803
1050 (668.371, 312.286) 12407
1051 (1019.713, 311.609) 0
1052 (601.605, 314.264) 7984
1053 (634.987, 313.595) 9934
1054 (953.864, 313.800) 6483
1055 (987.877, 312.928) 7123
1056 (316.088, 313.948) 13103
1057 (887.059, 314.989) 9007
1058 (920.395, 314.170) 6144
1059 (1.118, 314.753) 0
1060 (248.805, 316.456) 6901
1061 (282.600, 315.628) 8256
1062 (567.774, 316.044) 9981
1063 (853.385, 316.277) 14411
1064 (215.355, 316.769) 11656
1065 (534.248, 316.975) 13620
1066 (819.510, 317.232) 14303
1067 (181.180, 317.785) 15313
1068 (500.968, 317.766) 15766
1069 (148.468, 318.588) 13102
1070 (433.577, 319.253) 8108
1071 (467.153, 318.779) 11195
1072 (752.704, 319.545) 6042
1073 (786.892, 318.312) 7520
1074 (114.500, 320.208) 9132
1075 (399.862, 320.546) 6230
1076 (718.782, 320.449) 8584
1077 (1005.146, 321.238) 15465
1078 (47.468, 321.594) 6811
1079 (81.184, 321.242) 6475
1080 (366.293, 321.194) 8799
1081 (685.021, 321.479) 12001
1082 (970.573, 322.329) 11750
1083 (14.013, 322.613) 8127
1084 (332.783, 322.249) 10531
1085 (651.227, 322.365) 13160
1086 (299.138, 324.239) 9985
1087 (618.277, 323.029) 9297
1088 (936.899, 322.838) 6951
1089 (584.695, 324.521) 8032
1090 (903.261, 324.239) 5922
1091 (265.869, 325.452) 7172
1092 (870.034, 325.293) 7670
1093 (198.632, 327.233) 6255
1094 (232.388, 326.411) 7306
1095 (518.015, 326.789) 6059
1096 (551.298, 325.859) 6643
1097 (836.686, 326.388) 8264
1098 (165.124, 327.770) 6918
1099 (484.260, 327.655) 7040
1100 (769.623, 328.331) 9490
1101 (803.010, 327.465) 8650
1102 (130.978, 328.799) 9948
1103 (416.980, 329.691) 14666
1104 (450.593, 328.987) 13194
1105 (735.350, 329.507) 11524
1106 (98.022, 329.787) 15367
1107 (383.046, 330.000) 12073
1108 (64.166, 330.583) 15474
1109 (634.625, 331.355) 12464
1110 (668.301, 331.069) 8054
1111 (701.993, 330.808) 7563
1112 (1019.826, 330.429) 0
1113 (29.865, 331.485) 8262
1114 (315.618, 332.197) 8561
1115 (348.900, 331.403) 7769
1116 (987.877, 331.858) 7684
1117 (601.171, 332.963) 15513
1118 (953.993, 332.371) 11335
1119 (281.895, 333.867) 14563
1120 (920.136, 333.864) 17114
1121 (0.913, 333.855) 0
1122 (567.655, 334.380) 15930
1123 (248.701, 335.038) 15837
1124 (534.290, 335.417) 10098
1125 (819.093, 336.091) 6370
1126 (853.305, 335.368) 7222
1127 (886.949, 334.549) 11159
1128 (181.587, 336.914) 5959
1129 (215.065, 336.092) 11558
1130 (500.946, 336.240) 6467
1131 (147.509, 337.937) 8024
1132 (467.378, 337.614) 7801
1133 (751.550, 338.655) 10834
1134 (785.765, 337.076) 10554
1135 (114.274, 339.205) 7692
1136 (80.696, 340.255) 7725
1137 (399.685, 339.681) 9306
1138 (433.876, 338.828) 8850
1139 (718.621, 339.455) 9035
1140 (1003.648, 339.885) 6297
1141 (332.253, 341.530) 9038
1142 (366.523, 340.733) 8913
1143 (685.185, 340.747) 7651
1144 (13.286, 341.471) 9232
1145 (47.054, 341.063) 9114
1146 (618.096, 342.155) 7026
1147 (651.556, 341.581) 6594
1148 (584.151, 343.242) 7402
1149 (971.044, 341.973) 7200
1150 (264.981, 344.034) 6451
1151 (298.919, 343.229) 7351
1152 (937.037, 342.958) 8892
1153 (231.777, 344.634) 9957
1154 (550.792, 344.284) 11177
1155 (869.871, 343.678) 10383
1156 (903.271, 343.490) 9049
1157 (198.297, 345.528) 12679
1158 (483.792, 345.616) 11737
1159 (517.379, 345.572) 14700
1160 (768.535, 346.735) 5180
1161 (802.063, 346.013) 8743
1162 (835.998, 345.260) 9428
1163 (164.597, 346.875) 14984
1164 (131.115, 348.107) 11906
1165 (450.183, 346.860) 7228
1166 (97.505, 349.048) 6948
1167 (416.554, 348.433) 7232
1168 (702.219, 349.693) 12842
1169 (735.671, 348.862) 9615
1170 (1019.580, 348.767) 0
1171 (64.020, 350.164) 8993
1172 (383.176, 349.731) 10975
1173 (668.188, 350.661) 15723
1174 (349.574, 350.512) 15173
1175 (953.838, 351.347) 6661
1176 (987.489, 350.444) 9813
1177 (30.516, 351.081) 15148
1178 (282.054, 352.460) 7816
1179 (315.491, 351.264) 15233
1180 (634.337, 351.423) 10750
1181 (1.364, 352.182) 0
1182 (567.481, 353.477) 8807
1183 (601.245, 352.710) 8040
1184 (886.175, 352.620) 8690
1185 (920.513, 352.391) 6688
1186 (248.059, 353.507) 6215
1187 (852.394, 354.293) 12330
1188 (214.254, 354.553) 9267
1189 (500.123, 354.963) 11731
1190 (533.540, 354.313) 11010
1191 (819.144, 355.262) 14203
1192 (147.034, 356.014) 9568
1193 (180.903, 355.406) 11442
1194 (751.534, 357.098) 5535
1195 (785.636, 355.685) 7391
1196 (467.092, 356.243) 8450
1197 (113.973, 358.048) 10085
1198 (433.360, 357.513) 8337
1199 (718.565, 358.462) 6711
1200 (80.645, 359.188) 9413
1201 (399.024, 358.595) 9581
1202 (46.964, 359.729) 7348
1203 (331.891, 359.985) 6219
1204 (365.763, 358.906) 6315
1205 (651.115, 359.906) 9366
1206 (685.145, 359.500) 6135
1207 (1004.740, 359.255) 10437
1208 (13.209, 360.445) 6018
1209 (298.803, 361.103) 10736
1210 (617.794, 360.765) 10489
1211 (970.593, 360.064) 8465
1212 (264.976, 362.433) 11402
1213 (869.093, 362.422) 8063
1214 (903.194, 361.481) 6667
1215 (936.677, 360.791) 8382
1216 (231.045, 363.252) 10714
1217 (550.153, 362.899) 9761
1218 (583.812, 362.003) 11016
1219 (517.438, 364.188) 5308
1220 (835.600, 364.025) 5802
1221 (197.530, 364.435) 6359
1222 (484.014, 364.890) 10464
1223 (801.740, 364.426) 10280
1224 (130.588, 366.158) 13228
1225 (164.471, 365.365) 6781
1226 (449.889, 365.856) 14150
1227 (768.331, 365.806) 13991
1228 (416.376, 366.680) 15582
1229 (97.438, 367.373) 16070
1230 (382.708, 368.084) 10563
1231 (701.938, 368.278) 6615
1232 (734.646, 367.294) 13644
1233 (1019.470, 366.891) 0
1234 (63.877, 368.703) 11068
1235 (348.998, 368.913) 7149
1236 (667.976, 369.101) 8238
1237 (987.298, 368.659) 7873
1238 (315.176, 370.080) 7795
1239 (634.629, 369.993) 14819
1240 (953.807, 369.872) 14888
1241 (30.021, 369.515) 7282
1242 (601.362, 370.931) 11972
1243 (920.006, 370.885) 14532
1244 (248.050, 371.756) 13916
1245 (281.921, 371.414) 13631
1246 (567.420, 371.358) 11576
1247 (0.778, 370.500) 0
1248 (214.333, 373.028) 9439
1249 (533.930, 372.906) 7545
1250 (886.148, 371.746) 10899
1251 (500.291, 373.832) 6314
1252 (785.149, 374.569) 8229
1253 (819.105, 373.958) 6946
1254 (852.132, 372.551) 6157
1255 (147.384, 375.084) 7259
1256 (181.033, 374.326) 7027
1257 (466.840, 374.881) 5882
1258 (751.847, 375.745) 8375
1259 (113.126, 376.063) 6531
1260 (718.436, 376.938) 8913
1261 (80.099, 377.293) 6083
1262 (399.941, 376.845) 8955
1263 (433.242, 376.089) 6849
1264 (46.843, 378.320) 10737
1265 (365.686, 378.004) 12450
1266 (684.810, 378.139) 12365
1267 (332.376, 379.206) 12692
1268 (651.505, 379.056) 7698
1269 (970.654, 378.624) 6266
1270 (1004.159, 377.704) 4460
1271 (13.377, 379.523) 14638
1272 (936.820, 379.808) 8091
1273 (264.773, 380.896) 5963
1274 (298.632, 380.373) 8067
1275 (617.998, 379.945) 5612
1276 (869.524, 381.327) 12701
1277 (902.915, 380.390) 8614
1278 (231.306, 381.692) 10162
1279 (550.420, 381.503) 11977
1280 (584.462, 380.689) 7417
1281 (197.653, 382.901) 17011
1282 (836.286, 382.592) 14502
1283 (164.122, 383.839) 16539
1284 (449.953, 384.058) 5837
1285 (483.854, 383.544) 12711
1286 (517.217, 382.678) 17208
1287 (415.695, 385.087) 6919
1288 (768.904, 384.638) 6472
1289 (802.545, 384.452) 9597
1290 (97.059, 386.118) 6746
1291 (130.939, 385.583) 9271
1292 (734.958, 385.456) 8359
1293 (382.421, 386.954) 8827
1294 (1019.376, 386.245) 0
1295 (668.143, 387.604) 12621
1296 (702.116, 387.206) 13536
1297 (987.411, 387.890) 11984
1298 (30.105, 388.352) 10124
1299 (63.716, 388.035) 7004
1300 (348.795, 388.330) 12537
1301 (952.811, 388.474) 8785
1302 (281.289, 390.008) 7639
1303 (315.340, 388.828) 11330
1304 (634.570, 388.812) 9298
1305 (885.859, 390.417) 9779
1306 (919.283, 389.600) 6877
1307 (247.948, 390.856) 6316
1308 (533.230, 391.333) 7411
1309 (600.894, 389.488) 6276
1310 (0.867, 389.844) 0
1311 (214.561, 392.290) 7366
1312 (567.309, 390.760) 6353
1313 (852.258, 391.711) 9865
1314 (181.213, 392.913) 7624
1315 (466.639, 393.337) 11029
1316 (499.921, 392.286) 9115
1317 (147.297, 394.176) 8641
1318 (785.663, 394.305) 9482
1319 (818.620, 393.498) 9832
1320 (113.544, 395.037) 13346
1321 (432.349, 394.038) 11693
1322 (718.258, 395.605) 5705
1323 (751.487, 394.994) 9111
1324 (398.901, 395.623) 11993
1325 (684.280, 396.250) 7126
1326 (79.814, 396.450) 13872
1327 (365.736, 396.875) 6469
1328 (650.851, 397.284) 10125
1329 (1003.655, 396.581) 7617
1330 (13.123, 398.042) 6888
1331 (46.638, 397.238) 7422
1332 (331.993, 397.775) 7887
1333 (969.981, 397.542) 10639
1334 (298.592, 399.482) 14351
1335 (617.476, 398.578) 15219
1336 (936.453, 398.659) 14095
1337 (265.129, 400.448) 15829
1338 (550.512, 399.867) 8476
1339 (584.196, 399.784) 13783
1340 (902.745, 399.762) 11782
1341 (231.618, 401.175) 10564
1342 (869.791, 401.041) 8172
1343 (197.877, 401.873) 7334
1344 (483.704, 402.455) 11594
1345 (517.577, 401.575) 5879
1346 (836.228, 401.948) 6373
1347 (164.319, 402.972) 7553
1348 (802.153, 403.644) 11687
1349 (415.575, 404.047) 12366
1350 (449.889, 403.069) 11697
1351 (735.082, 404.292) 10772
1352 (769.534, 404.065) 14678
1353 (130.575, 404.244) 11196
1354 (382.682, 405.418) 8734
1355 (701.518, 405.569) 6675
1356 (97.018, 404.978) 10384
1357 (667.604, 406.439) 5708
1358 (1019.649, 405.325) 0
1359 (63.594, 406.333) 7758
1360 (953.343, 407.604) 11732
1361 (987.150, 406.397) 9497
1362 (29.977, 407.442) 7069
1363 (349.333, 406.681) 6453
1364 (634.350, 407.853) 8458
1365 (919.437, 408.476) 12301
1366 (315.375, 408.453) 6849
1367 (601.059, 408.622) 9203
1368 (0.913, 408.855) 0
1369 (214.368, 410.950) 10227
1370 (567.674, 409.515) 8078
1371 (886.587, 409.773) 9785
1372 (180.961, 412.076) 11226
1373 (247.887, 409.567) 8017
1374 (281.497, 409.405) 7060
1375 (499.776, 411.277) 8778
1376 (533.919, 410.338) 9201
1377 (852.499, 411.065) 8783
1378 (818.899, 412.202) 6990
1379 (147.318, 413.023) 10921
1380 (466.237, 412.094) 7914
1381 (785.578, 413.023) 6159
1382 (113.770, 413.681) 5744
1383 (433.034, 413.455) 5787
1384 (751.853, 413.813) 6906
1385 (80.224, 414.692) 8147
1386 (365.815, 415.397) 15074
1387 (399.303, 414.551) 10763
1388 (717.990, 414.595) 12096
1389 (651.363, 416.275) 11220
1390 (684.819, 415.680) 14037
1391 (1003.390, 415.402) 7689
1392 (46.630, 415.662) 14012
1393 (332.471, 416.689) 14768
1394 (13.309, 415.951) 15324
1395 (264.647, 418.552) 5977
1396 (298.051, 417.703) 10126
1397 (617.750, 417.502) 6309
1398 (937.183, 417.848) 8063
1399 (970.384, 416.456) 6527
1400 (231.348, 420.032) 11608
1401 (584.352, 419.008) 7751
1402 (869.707, 419.346) 15400
1403 (903.236, 418.522) 10307
1404 (550.748, 419.711) 11790
1405 (483.507, 421.069) 8707
1406 (517.260, 420.479) 14522
1407 (836.241, 420.734) 15161
1408 (198.089, 421.293) 14019
1409 (802.732, 422.013) 7712
1410 (130.336, 422.093) 8885
1411 (164.677, 421.966) 9794
1412 (450.160, 422.062) 5950
1413 (768.907, 422.657) 6844
1414 (97.225, 423.196) 6470
1415 (416.155, 422.853) 5907
1416 (700.994, 424.285) 7822
1417 (735.512, 423.304) 7199
1418 (30.275, 425.522) 5560
1419 (63.594, 424.642) 5774
1420 (349.644, 425.316) 8311
1421 (382.918, 423.557) 7154
1422 (667.283, 425.060) 8484
1423 (1019.625, 423.515) 0
1424 (315.659, 426.760) 10143
1425 (634.452, 426.744) 7585
1426 (953.587, 426.371) 6495
1427 (987.517, 424.234) 9792
1428 (1.284, 427.294) 0
1429 (282.183, 427.488) 9293
1430 (919.924, 427.452) 6541
1431 (248.883, 428.459) 7431
1432 (601.258, 427.768) 9128
1433 (886.366, 428.179) 6576
1434 (500.550, 429.243) 9162
1435 (534.099, 429.184) 5324
1436 (853.085, 429.592) 6849
1437 (181.358, 430.614) 6871
1438 (214.858, 429.396) 6339
1439 (568.053, 428.972) 5742
1440 (819.947, 430.239) 9649
1441 (113.714, 431.980) 15650
1442 (147.395, 431.209) 10572
1443 (399.370, 432.171) 10442
1444 (433.033, 431.392) 13164
1445 (466.588, 430.296) 14508
1446 (751.542, 431.448) 9446
1447 (785.187, 431.203) 12035
1448 (684.804, 433.595) 7009
1449 (718.007, 432.349) 6452
1450 (1003.321, 433.229) 8619
1451 (81.086, 433.847) 13631
1452 (366.830, 433.786) 6859
1453 (47.257, 434.623) 7786
1454 (651.162, 435.145) 11584
1455 (970.355, 434.437) 12000
1456 (937.049, 435.809) 13624
1457 (13.795, 435.443) 6950
1458 (231.338, 437.248) 10150
1459 (332.534, 435.807) 8728
1460 (903.000, 437.078) 10505
1461 (197.663, 438.919) 7063
1462 (265.243, 436.886) 14473
1463 (298.986, 436.358) 15154
1464 (516.577, 438.165) 6476
1465 (550.762, 437.766) 8238
1466 (583.975, 436.840) 12021
1467 (617.965, 436.427) 15974
1468 (483.642, 439.143) 9214
1469 (835.900, 438.743) 7078
1470 (869.981, 437.958) 6509
1471 (449.878, 440.294) 7986
1472 (802.328, 439.795) 9545
1473 (768.477, 440.256) 10929
1474 (130.530, 441.281) 6620
1475 (164.135, 440.358) 6389
1476 (416.205, 441.390) 9016
1477 (97.133, 442.016) 7699
1478 (382.514, 441.986) 8851
1479 (700.909, 443.188) 7756
1480 (735.067, 441.819) 7097
1481 (30.024, 444.065) 9811
1482 (63.385, 443.397) 8697
1483 (348.574, 443.107) 7693
1484 (633.956, 444.454) 6711
1485 (667.599, 443.903) 6156
1486 (952.851, 444.435) 8923
1487 (1019.370, 442.106) 0
1488 (315.281, 445.080) 7358
1489 (986.691, 443.754) 7736
1490 (1.011, 445.333) 0
1491 (248.085, 446.625) 11227
1492 (281.767, 445.989) 6384
1493 (919.815, 445.622) 8693
1494 (567.362, 446.651) 10394
1495 (600.363, 446.057) 6812
1496 (885.856, 446.448) 9188
1497 (214.797, 447.930) 14977
1498 (852.261, 447.184) 10176
1499 (180.769, 448.434) 14519
1500 (500.118, 448.196) 12554
1501 (533.561, 447.614) 13906
1502 (784.993, 448.917) 5749
1503 (819.101, 448.702) 7986
1504 (146.697, 449.830) 9351
1505 (432.753, 449.756) 8052
1506 (466.483, 449.025) 7787
1507 (751.331, 450.278) 6956
1508 (113.626, 450.922) 6575
1509 (399.041, 450.868) 11019
1510 (684.085, 452.048) 13787
1511 (80.154, 452.212) 7309
1512 (366.148, 452.722) 15210
1513 (718.047, 452.012) 12987
1514 (1003.749, 452.736) 10252
1515 (13.388, 453.522) 12051
1516 (47.210, 453.206) 12913
1517 (332.094, 453.474) 12914
1518 (650.842, 453.522) 8712
1519 (970.239, 453.628) 7819
1520 (264.880, 455.036) 7108
1521 (298.623, 454.621) 6708
1522 (617.518, 454.167) 5647
1523 (903.133, 455.281) 10366
1524 (936.861, 454.520) 7237
1525 (584.492, 455.633) 6976
1526 (869.135, 455.928) 13379
1527 (231.087, 456.685) 10691
1528 (835.859, 456.734) 10656
1529 (197.305, 457.410) 11613
1530 (482.810, 457.606) 8266
1531 (516.689, 456.868) 9702
1532 (550.860, 456.814) 8966
1533 (802.280, 457.809) 7030
1534 (163.593, 458.527) 8977
1535 (449.577, 458.748) 8090
1536 (735.020, 459.365) 5701
1537 (415.855, 459.840) 7726
1538 (768.421, 458.965) 6436
1539 (131.190, 460.219) 10189
1540 (701.054, 460.688) 6160
1541 (29.518, 461.878) 6069
1542 (63.281, 460.873) 6339
1543 (97.290, 460.643) 9665
1544 (382.391, 460.891) 6775
1545 (667.037, 461.626) 8555
1546 (281.922, 463.632) 11743
1547 (348.898, 462.177) 7574
1548 (633.694, 462.857) 8900
1549 (986.397, 461.757) 9166
1550 (1019.377, 461.297) 0
1551 (0.796, 463.667) 0
1552 (315.166, 463.223) 11863
1553 (919.574, 464.203) 7469
1554 (952.901, 462.966) 7583
1555 (248.010, 465.050) 11305
1556 (600.665, 464.245) 10578
1557 (214.519, 466.229) 6236
1558 (499.640, 466.388) 9357
1559 (533.467, 465.461) 5207
1560 (567.535, 465.282) 7060
1561 (885.921, 465.147) 6010
1562 (818.693, 466.730) 11559
1563 (853.250, 466.171) 7944
1564 (180.620, 467.116) 9578
1565 (465.511, 467.569) 14510
1566 (785.033, 467.492) 12233
1567 (146.855, 468.043) 11905
1568 (432.463, 468.369) 15238
1569 (46.168, 470.891) 7414
1570 (80.285, 469.768) 10149
1571 (113.781, 468.890) 14346
1572 (399.046, 469.558) 10281
1573 (650.700, 471.310) 9658
1574 (683.875, 470.116) 5702
1575 (717.696, 469.502) 5452
1576 (751.526, 468.477) 9217
1577 (1002.820, 470.283) 9915
1578 (365.948, 471.113) 7511
1579 (969.245, 471.055) 13841
1580 (12.840, 471.938) 6651
1581 (264.679, 473.849) 9932
1582 (297.950, 472.771) 11149
1583 (332.084, 471.736) 8212
1584 (617.554, 472.830) 12413
1585 (936.325, 472.499) 13114
1586 (903.119, 473.770) 9030
1587 (231.655, 475.258) 8205
1588 (583.960, 473.889) 10654
1589 (869.325, 474.901) 7187
1590 (197.676, 476.051) 8744
1591 (516.778, 475.512) 6082
1592 (550.457, 474.482) 7096
1593 (802.000, 476.487) 7537
1594 (836.043, 475.730) 6496
1595 (483.050, 476.548) 6081
1596 (768.620, 477.492) 8054
1597 (130.476, 477.780) 5167
1598 (163.969, 476.906) 6582
1599 (735.283, 477.807) 7931
1600 (382.973, 478.979) 11872
1601 (416.252, 478.575) 11107
1602 (449.738, 477.946) 7300
1603 (63.807, 479.859) 12996
1604 (96.820, 479.086) 6954
1605 (700.879, 479.503) 8880
1606 (349.107, 480.543) 13001
1607 (667.335, 480.339) 6248
1608 (953.057, 480.917) 6325
1609 (986.996, 480.399) 7655
1610 (1019.564, 479.654) 0
1611 (30.679, 481.216) 12385
1612 (315.528, 482.256) 7596
1613 (634.170, 481.405) 5497
1614 (919.676, 482.409) 9788
1615 (282.150, 483.049) 8405
1616 (1.230, 482.115) 0
1617 (248.914, 484.136) 14516
1618 (567.540, 483.871) 14792
1619 (601.053, 482.501) 9870
1620 (886.532, 483.930) 14894
1621 (214.708, 484.771) 16187
1622 (534.081, 484.323) 14594
1623 (500.525, 485.307) 9908
1624 (785.594, 486.033) 5461
1625 (853.520, 485.035) 11607
1626 (181.434, 486.033) 14836
1627 (752.105, 487.036) 8450
1628 (819.012, 485.595) 6990
1629 (147.471, 486.831) 7735
1630 (399.573, 488.279) 12501
1631 (433.444, 487.842) 7754
1632 (466.429, 486.752) 6090
1633 (718.410, 487.913) 10333
1634 (80.640, 488.612) 7355
1635 (114.718, 487.906) 6007
1636 (684.224, 489.103) 9650
1637 (47.493, 489.949) 8417
1638 (366.294, 489.550) 10505
1639 (650.896, 490.256) 6658
1640 (971.171, 490.558) 6208
1641 (1003.849, 489.344) 11149
1642 (937.230, 491.581) 6611
1643 (14.323, 491.169) 9443
1644 (333.057, 490.974) 9138
1645 (231.665, 493.514) 6896
1646 (265.561, 492.965) 7258
1647 (299.338, 491.885) 7817
1648 (618.228, 491.918) 5279
1649 (903.852, 492.759) 9172
1650 (584.727, 492.612) 7436
1651 (870.257, 493.495) 10209
1652 (198.236, 494.280) 9196
1653 (517.724, 494.194) 7510
1654 (551.386, 493.524) 5880
1655 (802.636, 494.818) 7053
1656 (836.599, 494.057) 9055
1657 (483.781, 495.628) 11575
1658 (769.327, 496.869) 6938
1659 (131.359, 496.712) 14388
1660 (165.123, 495.954) 13045
1661 (450.069, 496.774) 12779
1662 (735.822, 497.531) 4048
1663 (98.121, 497.425) 8842
1664 (416.684, 497.522) 9580
1665 (702.024, 498.125) 5390
1666 (64.289, 498.776) 7617
1667 (383.503, 498.246) 7489
1668 (668.155, 498.738) 9636
1669 (316.109, 499.912) 15318
1670 (349.765, 499.059) 12355
1671 (634.238, 499.654) 13187
1672 (1020.205, 498.803) 0
1673 (30.756, 499.813) 9109
1674 (600.745, 500.474) 10155
1675 (987.623, 499.624) 10495
1676 (1.161, 500.860) 0
1677 (248.574, 502.432) 8868
1678 (282.589, 501.463) 14402
1679 (886.397, 501.918) 5589
1680 (920.258, 501.152) 7928
1681 (954.501, 500.629) 10447
1682 (567.336, 502.031) 7121
1683 (215.503, 504.066) 8958
1684 (534.194, 503.446) 6534
1685 (853.245, 503.379) 9340
1686 (182.405, 505.017) 9560
1687 (501.179, 504.803) 8949
1688 (820.211, 504.600) 13068
1689 (114.624, 506.304) 10130
1690 (148.019, 505.873) 9912
1691 (467.635, 505.921) 10355
1692 (400.120, 507.018) 7255
1693 (433.983, 506.619) 9415
1694 (719.027, 506.990) 5943
1695 (752.893, 506.554) 6775
1696 (786.259, 505.403) 11574
1697 (80.752, 507.543) 7609
1698 (366.229, 507.962) 6542
1699 (684.941, 507.757) 5010
1700 (47.027, 508.107) 6718
1701 (332.263, 509.021) 7388
1702 (650.893, 508.873) 8246
1703 (937.041, 509.972) 9890
1704 (1004.786, 508.121) 12396
1705 (14.431, 509.625) 7523
1706 (265.680, 511.307) 9154
1707 (298.955, 510.013) 7279
1708 (584.250, 510.499) 8161
1709 (617.772, 509.500) 8627
1710 (971.128, 509.762) 12342
1711 (903.464, 511.221) 7747
1712 (869.947, 512.265) 8261
1713 (232.418, 513.025) 11536
1714 (550.406, 511.569) 10109
1715 (198.317, 513.607) 12150
1716 (517.686, 513.049) 7378
1717 (802.391, 513.717) 6432
1718 (836.328, 513.118) 7193
1719 (164.635, 514.289) 6258
1720 (416.824, 515.793) 13985
1721 (450.514, 515.341) 9010
1722 (483.643, 514.620) 6067
1723 (735.840, 516.092) 10976
1724 (769.387, 515.271) 9022
1725 (97.944, 516.486) 10617
1726 (131.569, 516.021) 7517
1727 (701.330, 516.488) 9258
1728 (1019.760, 516.812) 0
1729 (30.625, 518.181) 12727
1730 (64.107, 517.442) 14794
1731 (349.541, 518.150) 12002
1732 (383.375, 517.267) 14250
1733 (668.310, 518.032) 7620
1734 (988.556, 518.406) 7277
1735 (315.636, 519.166) 7214
1736 (601.227, 519.629) 10203
1737 (635.106, 519.188) 4499
1738 (954.425, 519.631) 8104
1739 (282.209, 520.693) 7192
1740 (567.695, 520.758) 12641
1741 (886.524, 521.080) 15049
1742 (920.830, 520.373) 14631
1743 (0.738, 520.143) 0
1744 (215.453, 522.297) 15061
1745 (248.805, 521.442) 13865
1746 (534.211, 521.682) 11817
1747 (181.554, 523.178) 10218
1748 (819.169, 522.974) 7042
1749 (853.127, 522.042) 12898
1750 (500.692, 523.159) 7185
1751 (147.773, 524.446) 7267
1752 (467.324, 524.103) 5783
1753 (718.581, 525.362) 8254
1754 (785.509, 524.197) 6918
1755 (80.414, 525.867) 5722
1756 (114.208, 525.234) 6415
1757 (433.701, 524.761) 6348
1758 (684.339, 526.706) 7567
1759 (752.710, 524.859) 8187
1760 (47.262, 526.865) 7718
1761 (366.374, 527.030) 8274
1762 (400.264, 525.892) 6935
1763 (332.477, 528.024) 9444
1764 (970.708, 527.542) 6327
1765 (1004.914, 527.218) 8323
1766 (13.880, 528.411) 10165
1767 (298.837, 528.795) 11671
1768 (651.936, 528.105) 7641
1769 (232.308, 530.741) 6179
1770 (265.250, 529.906) 6928
1771 (584.181, 529.501) 6435
1772 (618.183, 528.912) 6806
1773 (903.766, 529.630) 7657
1774 (937.516, 529.036) 7736
1775 (869.499, 530.609) 7655
1776 (198.773, 532.300) 10840
1777 (517.075, 531.814) 9578
1778 (550.952, 530.649) 6173
1779 (836.435, 532.310) 11026
1780 (131.210, 533.580) 15612
1781 (165.083, 533.507) 14580
1782 (450.961, 533.455) 11219
1783 (483.944, 532.529) 14105
1784 (769.142, 533.610) 9131
1785 (802.729, 533.140) 12215
1786 (97.847, 534.798) 8426
1787 (417.192, 534.736) 7907
1788 (736.067, 534.449) 5299
1789 (64.469, 536.133) 6246
1790 (383.745, 536.026) 8012
1791 (667.809, 535.550) 9808
1792 (701.529, 535.070) 6451
1793 (1020.232, 535.386) 0
1794 (349.007, 536.564) 8544
1795 (30.894, 537.281) 7900
1796 (316.029, 537.683) 14398
1797 (634.827, 537.431) 12615
1798 (954.255, 537.657) 13765
1799 (987.924, 537.188) 15640
1800 (282.453, 538.909) 11885
1801 (600.913, 538.042) 8602
1802 (887.150, 539.062) 6165
1803 (921.081, 538.606) 8655
1804 (1.381, 539.143) 0
1805 (249.029, 539.582) 6775
1806 (215.452, 540.827) 6366
1807 (534.931, 540.733) 5932
1808 (568.553, 539.376) 5804
1809 (853.454, 540.477) 7667
1810 (181.586, 542.120) 7622
1811 (501.188, 541.169) 6633
1812 (148.799, 543.149) 7427
1813 (467.631, 541.849) 7414
1814 (785.896, 542.435) 9912
1815 (819.913, 541.729) 11312
1816 (114.730, 544.050) 8039
1817 (434.384, 543.656) 8514
1818 (752.497, 543.849) 8847
1819 (81.739, 544.795) 10883
1820 (401.215, 544.772) 10104
1821 (685.358, 545.033) 5106
1822 (719.447, 544.464) 5309
1823 (47.582, 545.867) 10889
1824 (366.610, 545.317) 8016
1825 (971.546, 546.299) 10374
1826 (1005.378, 545.765) 9244
1827 (332.909, 546.309) 6253
1828 (651.534, 545.979) 5493
1829 (938.431, 547.292) 9172
1830 (14.628, 546.989) 7399
1831 (265.858, 548.291) 12380
1832 (299.212, 547.361) 7460
1833 (618.245, 547.033) 7236
1834 (231.862, 549.261) 13129
1835 (585.229, 548.464) 13586
1836 (870.007, 549.063) 10307
1837 (904.690, 548.066) 10941
1838 (198.658, 550.431) 11143
1839 (484.354, 551.156) 5494
1840 (518.053, 550.043) 7511
1841 (551.557, 549.359) 10927
1842 (836.101, 550.275) 7151
1843 (165.325, 551.526) 7579
1844 (803.146, 551.212) 7621
1845 (131.713, 552.580) 7266
1846 (451.066, 552.549) 7357
1847 (770.016, 552.246) 15257
1848 (98.285, 553.455) 10807
1849 (417.438, 553.146) 12161
1850 (736.598, 553.479) 14475
1851 (1020.270, 553.946) 0
1852 (64.521, 554.607) 11451
1853 (349.982, 555.238) 9039
1854 (383.917, 554.596) 11799
1855 (668.685, 555.000) 5617
1856 (988.346, 555.022) 6536
1857 (31.111, 555.662) 9174
1858 (316.069, 556.477) 6103
1859 (601.210, 556.889) 9480
1860 (634.720, 555.952) 5514
1861 (703.106, 554.475) 8407
1862 (954.877, 555.895) 11204
1863 (282.752, 557.246) 6924
1864 (887.956, 557.751) 13698
1865 (921.265, 557.195) 13565
1866 (1.380, 557.611) 0
1867 (249.149, 557.918) 10207
1868 (853.525, 558.436) 10644
1869 (215.143, 559.248) 10194
1870 (182.053, 560.197) 8775
1871 (500.655, 559.243) 7991
1872 (534.139, 558.845) 7691
1873 (567.885, 558.678) 7040
1874 (147.934, 560.947) 9134
1875 (466.884, 561.090) 8335
1876 (785.865, 560.959) 7312
1877 (819.615, 559.718) 6502
1878 (114.755, 561.678) 7337
1879 (433.515, 561.422) 5681
1880 (752.491, 561.918) 7623
1881 (47.457, 564.145) 7594
1882 (81.313, 563.066) 6133
1883 (366.434, 564.268) 8918
1884 (400.227, 562.549) 4860
1885 (685.174, 563.543) 9647
1886 (1005.427, 564.007) 7246
1887 (14.059, 565.208) 14336
1888 (651.820, 565.369) 10524
1889 (719.076, 563.043) 6235
1890 (971.317, 564.632) 7524
1891 (299.418, 566.111) 14328
1892 (333.121, 565.478) 14793
1893 (938.044, 565.627) 7774
1894 (265.709, 566.934) 8424
1895 (618.705, 566.608) 8063
1896 (232.366, 567.740) 7075
1897 (584.869, 566.672) 4512
1898 (870.609, 568.107) 10631
1899 (904.721, 567.087) 7592
1900 (518.313, 568.303) 12863
1901 (551.631, 567.712) 6965
1902 (131.469, 570.340) 12926
1903 (165.018, 569.752) 14110
1904 (199.052, 569.419) 9928
1905 (451.240, 570.781) 9601
1906 (484.346, 570.147) 13286
1907 (836.627, 569.066) 14122
1908 (802.667, 569.042) 15474
1909 (98.305, 571.684) 6218
1910 (769.148, 570.571) 11042
1911 (64.599, 573.099) 5051
1912 (383.965, 573.089) 4892
1913 (417.975, 572.635) 5002
1914 (702.945, 573.007) 6172
1915 (736.770, 572.003) 7219
1916 (350.549, 573.422) 9536
1917 (669.146, 573.997) 7425
1918 (955.403, 574.207) 11006
1919 (988.508, 573.824) 14496
1920 (1020.406, 572.843) 0
1921 (31.081, 574.127) 7741
1922 (316.403, 574.430) 10752
1923 (601.341, 574.489) 8102
1924 (635.460, 574.763) 9144
1925 (283.529, 575.885) 9765
1926 (921.357, 575.522) 7980
1927 (1.367, 575.311) 0
1928 (249.657, 577.157) 8636
1929 (534.470, 577.190) 6341
1930 (853.967, 577.412) 6430
1931 (887.925, 576.573) 6338
1932 (182.714, 579.044) 6056
1933 (216.277, 578.249) 6505
1934 (501.488, 578.660) 5925
1935 (568.269, 576.019) 6228
1936 (786.064, 578.570) 9182
1937 (820.485, 578.210) 7943
1938 (148.907, 579.926) 8185
1939 (469.138, 580.148) 10406
1940 (115.799, 580.918) 11372
1941 (435.054, 580.990) 12770
1942 (753.448, 580.910) 14171
1943 (81.641, 582.237) 14892
1944 (333.524, 583.447) 6909
1945 (367.184, 582.820) 9208
1946 (401.194, 581.973) 14177
1947 (685.989, 582.542) 4247
1948 (720.000, 582.000) 8002
1949 (1005.914, 582.211) 7560
1950 (14.734, 583.832) 7386
1951 (48.078, 582.986) 11582
1952 (300.106, 585.145) 8492
1953 (652.612, 583.392) 6397
1954 (972.812, 583.714) 10384
1955 (266.851, 586.218) 15665
1956 (618.796, 584.906) 9818
1957 (904.988, 585.735) 14704
1958 (938.901, 584.612) 12710
1959 (551.450, 586.329) 14639
1960 (586.008, 585.455) 12123
1961 (871.866, 587.310) 8888
1962 (233.214, 587.593) 14672
1963 (838.155, 587.757) 5556
1964 (165.350, 588.621) 5445
1965 (199.499, 587.909) 9327
1966 (519.003, 587.899) 6408
1967 (804.126, 588.346) 8284
1968 (132.040, 589.470) 6774
1969 (485.477, 588.883) 5268
1970 (98.842, 590.613) 7594
1971 (418.119, 590.128) 9560
1972 (451.470, 589.376) 8881
1973 (703.215, 591.297) 6805
1974 (736.322, 590.624) 10191
1975 (770.037, 589.523) 12831
1976 (384.188, 591.490) 8289
1977 (64.987, 591.783) 8262
1978 (350.882, 593.215) 8396
1979 (668.904, 592.167) 4942
1980 (955.698, 593.532) 9146
1981 (989.503, 592.248) 9628
1982 (1020.528, 591.092) 0
1983 (31.780, 593.257) 7636
1984 (283.407, 594.478) 6964
1985 (317.165, 594.210) 6995
1986 (635.803, 593.752) 5369
1987 (922.426, 594.499) 10590
1988 (1.390, 595.236) 0
1989 (887.667, 595.141) 9666
1990 (216.100, 596.102) 8907
1991 (249.869, 595.885) 7687
1992 (535.076, 595.638) 10895
1993 (602.625, 595.585) 6630
1994 (854.555, 596.119) 9190
1995 (148.723, 598.130) 12523
1996 (182.373, 597.277) 11179
1997 (468.196, 597.984) 10914
1998 (501.677, 596.768) 11825
1999 (569.151, 595.942) 7863
2000 (821.051, 596.704) 8815
2001 (434.526, 598.847) 7591
2002 (786.787, 597.427) 7057
2003 (81.629, 600.270) 8439
2004 (115.273, 599.271) 9104
2005 (719.700, 600.127) 9153
2006 (752.747, 598.677) 7155
2007 (402.345, 601.021) 7079
2008 (1006.727, 600.774) 10310
2009 (367.857, 601.253) 13588
2010 (686.783, 601.583) 11993
2011 (973.010, 601.706) 6481
2012 (14.761, 602.085) 13216
2013 (48.874, 601.674) 9390
2014 (334.310, 602.342) 15858
2015 (652.663, 602.386) 12765
2016 (300.530, 603.437) 10748
2017 (905.475, 603.477) 8577
2018 (939.410, 603.063) 6029
2019 (199.192, 605.876) 11062
2020 (233.355, 604.817) 7625
2021 (266.626, 603.909) 7666
2022 (552.154, 604.232) 10282
2023 (585.455, 603.479) 5248
2024 (619.244, 603.317) 6623
2025 (871.362, 604.671) 11182
2026 (518.256, 605.299) 12365
2027 (838.335, 605.562) 15221
2028 (166.025, 607.138) 10924
2029 (485.477, 606.144) 10878
2030 (770.528, 606.940) 7196
2031 (132.475, 608.300) 8873
2032 (98.752, 608.917) 7895
2033 (418.738, 608.770) 5946
2034 (452.159, 607.380) 7731
2035 (737.102, 608.414) 7839
2036 (805.083, 607.037) 11786
2037 (65.331, 609.678) 7550
2038 (385.034, 609.622) 5696
2039 (703.581, 609.482) 7932
2040 (989.772, 610.379) 11434
2041 (1020.913, 609.097) 0
2042 (32.006, 610.567) 6529
2043 (350.527, 610.015) 6804
2044 (317.061, 611.618) 7835
2045 (669.995, 610.451) 6514
2046 (956.330, 611.803) 7202
2047 (1.614, 611.947) 0
2048 (249.926, 613.727) 10641
2049 (284.081, 612.631) 10859
2050 (602.916, 612.140) 8153
2051 (635.968, 611.419) 7789
2052 (888.688, 613.351) 6407
2053 (922.930, 612.897) 8248
2054 (216.596, 615.348) 8496
2055 (569.880, 613.902) 10319
2056 (821.275, 615.190) 8423
2057 (855.023, 614.909) 6004
2058 (183.174, 616.187) 5320
2059 (502.367, 615.013) 7362
2060 (535.935, 614.863) 6721
2061 (787.436, 615.702) 13471
2062 (468.669, 616.420) 12829
2063 (115.237, 617.616) 13704
2064 (149.139, 617.561) 9459
2065 (434.758, 617.451) 13348
2066 (719.751, 617.712) 9522
2067 (753.866, 617.043) 14085
2068 (47.815, 618.945) 11758
2069 (81.736, 618.093) 16720
2070 (367.293, 619.533) 8524
2071 (401.253, 618.456) 14568
2072 (14.526, 620.236) 7937
2073 (333.744, 620.114) 6413
2074 (652.387, 620.484) 5198
2075 (686.290, 619.002) 5868
2076 (973.333, 620.162) 12350
2077 (1006.227, 619.327) 6538
2078 (300.333, 621.406) 9311
2079 (266.985, 622.780) 12636
2080 (939.343, 621.551) 13601
2081 (619.762, 621.637) 11216
2082 (905.232, 622.167) 14482
2083 (233.611, 624.000) 9534
2084 (871.419, 623.107) 9757
2085 (553.220, 623.592) 8758
2086 (586.314, 622.977) 11801
2087 (838.900, 624.851) 6112
2088 (132.450, 626.496) 7070
2089 (166.222, 625.720) 6486
2090 (199.850, 625.375) 5773
2091 (486.421, 625.429) 5970
2092 (519.120, 624.667) 6408
2093 (805.655, 625.329) 9878
2094 (451.963, 626.091) 7897
2095 (770.917, 626.250) 10180
2096 (65.419, 628.327) 9644
2097 (99.133, 627.709) 6266
2098 (384.929, 628.332) 9325
2099 (417.764, 627.242) 7750
2100 (670.419, 629.272) 5234
2101 (703.442, 627.829) 7798
2102 (737.131, 627.233) 10051
2103 (317.483, 630.054) 9903
2104 (31.798, 629.565) 12737
2105 (351.671, 629.370) 11653
2106 (990.535, 629.092) 8085
2107 (1021.525, 627.737) 0
2108 (637.112, 630.738) 5597
2109 (923.034, 630.950) 7806
2110 (956.965, 630.577) 6382
2111 (284.183, 631.148) 6306
2112 (603.261, 631.655) 6841
2113 (888.768, 631.354) 11062
2114 (2.382, 631.780) 0
2115 (250.470, 632.277) 8149
2116 (855.859, 632.622) 13515
2117 (149.587, 635.107) 11332
2118 (182.436, 633.939) 14149
2119 (216.532, 633.068) 12486
2120 (115.756, 636.561) 6998
2121 (502.691, 634.376) 13024
2122 (536.190, 633.422) 16228
2123 (570.224, 632.992) 11082
2124 (787.977, 634.818) 7911
2125 (821.902, 633.889) 10369
2126 (401.394, 636.907) 8489
2127 (754.496, 636.282) 7571
2128 (435.907, 636.313) 8667
2129 (469.925, 635.383) 8852
2130 (82.346, 637.767) 6932
2131 (367.642, 637.744) 13867
2132 (720.097, 637.371) 11257
2133 (1006.541, 637.594) 10987
2134 (14.327, 639.128) 11381
2135 (48.900, 638.511) 11813
2136 (333.876, 639.291) 11729
2137 (687.000, 637.974) 13773
2138 (973.644, 638.894) 7264
2139 (300.580, 640.087) 7940
2140 (653.263, 638.615) 9181
2141 (939.749, 639.876) 6635
2142 (233.071, 641.724) 7235
2143 (266.939, 641.012) 7222
2144 (905.929, 641.194) 9774
2145 (585.953, 641.282) 5626
2146 (619.599, 640.302) 6499
2147 (837.708, 642.344) 12212
2148 (166.136, 644.228) 7384
2149 (199.797, 643.243) 8100
2150 (552.754, 642.981) 7381
2151 (872.121, 642.278) 10417
2152 (804.655, 643.564) 10228
2153 (452.314, 644.739) 11302
2154 (519.148, 643.899) 7738
2155 (98.401, 646.378) 12321
2156 (132.132, 645.490) 8680
2157 (384.165, 646.485) 8000
2158 (417.389, 645.623) 10564
2159 (485.490, 644.454) 9311
2160 (771.792, 645.988) 9808
2161 (65.124, 647.424) 12071
2162 (350.330, 647.242) 6781
2163 (703.566, 646.768) 6041
2164 (737.650, 646.535) 8274
2165 (1020.329, 645.835) 0
2166 (31.356, 648.092) 8753
2167 (316.613, 648.540) 11076
2168 (989.920, 647.948) 8595
2169 (669.986, 647.465) 6966
2170 (956.498, 649.101) 9973
2171 (636.341, 649.319) 10155
2172 (923.311, 649.979) 10833
2173 (1.879, 650.230) 0
2174 (249.922, 650.848) 14881
2175 (283.886, 650.012) 14290
2176 (602.657, 650.231) 15179
2177 (889.588, 651.182) 8104
2178 (182.820, 653.041) 6859
2179 (216.242, 652.245) 8838
2180 (568.973, 650.933) 14233
2181 (821.661, 652.524) 11935
2182 (855.629, 651.662) 6943
2183 (149.391, 653.706) 9314
2184 (502.664, 653.442) 9554
2185 (535.687, 652.340) 6604
2186 (115.208, 655.183) 10395
2187 (435.391, 654.815) 13647
2188 (787.836, 654.382) 16597
2189 (81.801, 656.419) 12679
2190 (367.472, 656.624) 7879
2191 (401.380, 655.950) 11165
2192 (470.018, 654.486) 14578
2193 (754.036, 654.717) 16537
2194 (48.429, 657.408) 9784
2195 (720.425, 655.637) 7683
2196 (1005.817, 656.927) 9044
2197 (333.082, 657.406) 6262
2198 (686.480, 656.864) 6001
2199 (972.981, 657.625) 13727
2200 (14.672, 658.264) 8497
2201 (265.923, 659.034) 10451
2202 (299.869, 658.308) 8491
2203 (939.418, 658.817) 12399
2204 (905.771, 660.048) 10325
2205 (198.878, 661.771) 8677
2206 (232.871, 660.510) 9015
2207 (586.022, 660.295) 9983
2208 (619.771, 658.930) 9039
2209 (653.583, 658.690) 5762
2210 (871.874, 660.671) 8555
2211 (552.388, 661.249) 9990
2212 (838.349, 661.722) 8027
2213 (165.246, 662.973) 8232
2214 (519.365, 662.195) 10520
2215 (804.266, 662.452) 7971
2216 (98.323, 664.870) 6597
2217 (132.669, 664.190) 6971
2218 (770.340, 663.629) 7857
2219 (64.603, 666.221) 12323
2220 (486.410, 663.373) 8451
2221 (737.054, 664.699) 10389
2222 (384.087, 665.713) 13483
2223 (417.562, 664.898) 8891
2224 (451.343, 664.147) 8401
2225 (30.979, 666.521) 16951
2226 (316.441, 666.947) 11676
2227 (350.033, 666.564) 16298
2228 (703.139, 665.590) 13518
2229 (989.065, 666.750) 8097
2230 (1020.417, 665.216) 0
2231 (283.087, 668.032) 8014
2232 (669.522, 666.538) 10102
2233 (955.948, 667.899) 5672
2234 (1.325, 668.250) 0
2235 (249.059, 669.087) 8161
2236 (922.377, 669.025) 8916
2237 (215.446, 670.457) 12628
2238 (637.174, 667.667) 6564
2239 (889.047, 669.798) 13943
2240 (602.421, 668.662) 6446
2241 (182.171, 671.815) 12417
2242 (568.526, 669.077) 12659
2243 (821.829, 671.553) 12585
2244 (855.582, 670.943) 17963
2245 (468.671, 672.632) 7703
2246 (787.327, 672.568) 8691
2247 (114.807, 673.343) 6990
2248 (148.157, 672.826) 10982
2249 (434.310, 673.690) 7539
2250 (502.583, 671.855) 11351
2251 (535.443, 671.671) 13251
2252 (720.171, 673.947) 11121
2253 (753.884, 673.614) 8032
2254 (81.023, 674.445) 6266
2255 (366.797, 675.072) 9222
2256 (400.647, 674.196) 7734
2257 (1005.967, 675.325) 13585
2258 (13.989, 676.117) 10160
2259 (47.382, 675.639) 7888
2260 (333.133, 676.185) 9195
2261 (685.942, 675.212) 10596
2262 (652.279, 675.829) 8161
2263 (972.467, 676.919) 7847
2264 (265.966, 678.159) 7436
2265 (299.622, 677.112) 9111
2266 (618.965, 677.341) 7141
2267 (939.348, 678.041) 5485
2268 (905.107, 678.709) 7388
2269 (198.563, 679.961) 6972
2270 (232.132, 679.091) 6363
2271 (871.718, 679.503) 6897
2272 (130.840, 681.754) 11997
2273 (164.567, 681.144) 6880
2274 (551.821, 679.366) 6686
2275 (585.110, 678.370) 7940
2276 (838.139, 680.404) 9132
2277 (97.083, 682.842) 17038
2278 (770.315, 682.279) 11734
2279 (804.276, 681.013) 10206
2280 (450.722, 682.352) 16159
2281 (484.779, 681.217) 12892
2282 (519.052, 680.432) 8138
2283 (737.100, 683.252) 7681
2284 (417.363, 683.353) 14657
2285 (64.029, 684.459) 12664
2286 (383.237, 684.540) 12174
2287 (703.252, 684.265) 7309
2288 (30.678, 685.642) 8315
2289 (349.932, 685.271) 6525
2290 (669.000, 685.500) 7598
2291 (988.714, 685.364) 10487
2292 (1020.474, 684.614) 0
2293 (316.141, 685.932) 11187
2294 (956.075, 686.578) 14731
2295 (1.364, 687.182) 0
2296 (283.141, 686.991) 15311
2297 (636.438, 686.449) 13970
2298 (922.372, 687.477) 12023
2299 (181.670, 689.819) 6460
2300 (215.059, 688.990) 8259
2301 (249.496, 687.911) 13867
2302 (567.939, 687.674) 11680
2303 (601.391, 686.884) 16795
2304 (888.529, 688.353) 8355
2305 (148.422, 691.313) 6870
2306 (787.330, 690.848) 12882
2307 (821.646, 690.071) 11108
2308 (855.367, 689.747) 7077
2309 (114.401, 692.654) 5927
2310 (433.734, 691.560) 9959
2311 (502.044, 690.059) 7218
2312 (534.793, 688.955) 6519
2313 (80.683, 693.292) 7786
2314 (400.081, 693.209) 8945
2315 (467.454, 690.976) 8160
2316 (719.393, 693.128) 8349
2317 (754.012, 692.252) 11863
2318 (47.519, 694.527) 9612
2319 (332.801, 694.854) 8838
2320 (366.518, 694.149) 9481
2321 (652.397, 694.697) 5722
2322 (685.824, 694.288) 6694
2323 (971.975, 695.714) 9541
2324 (1005.700, 694.351) 7905
2325 (13.939, 695.418) 10419
2326 (299.581, 695.812) 5776
2327 (618.348, 696.323) 7321
2328 (905.143, 696.752) 9198
2329 (939.039, 697.035) 8553
2330 (231.552, 698.053) 10358
2331 (265.568, 696.865) 7990
2332 (585.403, 697.531) 8024
2333 (165.039, 700.243) 10550
2334 (198.043, 699.218) 11635
2335 (551.337, 698.353) 9996
2336 (837.810, 698.945) 10497
2337 (871.250, 698.483) 10832
2338 (131.629, 701.464) 6586
2339 (485.188, 699.964) 9656
2340 (804.262, 700.518) 7448
2341 (451.070, 701.014) 9584
2342 (517.926, 698.919) 14743
2343 (736.209, 701.650) 11618
2344 (770.310, 701.269) 7381
2345 (64.343, 703.523) 9738
2346 (97.628, 702.478) 6845
2347 (383.590, 703.474) 15128
2348 (417.520, 702.895) 9647
2349 (703.212, 703.464) 16211
2350 (989.252, 704.735) 10290
2351 (1020.655, 703.508) 0
2352 (30.517, 704.434) 16970
2353 (669.386, 704.451) 12235
2354 (316.109, 705.098) 12358
2355 (350.767, 704.676) 17558
2356 (636.128, 705.073) 6573
2357 (956.087, 706.155) 6020
2358 (1.577, 705.699) 0
2359 (248.477, 706.429) 7535
2360 (282.351, 706.027) 7310
2361 (601.939, 705.898) 7320
2362 (922.402, 706.759) 9793
2363 (214.856, 708.144) 9459
2364 (854.370, 707.785) 14314
2365 (888.062, 706.929) 12497
2366 (181.482, 709.337) 9168
2367 (820.888, 709.154) 10315
2368 (568.391, 707.911) 8578
2369 (148.499, 710.318) 8612
2370 (534.452, 708.000) 9661
2371 (753.298, 710.678) 5975
2372 (787.581, 710.539) 6617
2373 (434.842, 711.380) 7802
2374 (467.894, 710.290) 9381
2375 (502.948, 709.478) 9739
2376 (47.720, 713.272) 7453
2377 (81.039, 712.453) 8623
2378 (114.779, 711.638) 9039
2379 (400.653, 711.630) 7782
2380 (686.435, 712.582) 7222
2381 (720.347, 711.779) 6514
2382 (1005.934, 713.914) 9184
2383 (14.087, 713.993) 9003
2384 (367.192, 713.506) 7537
2385 (266.121, 715.875) 12133
2386 (300.140, 714.855) 11829
2387 (333.460, 714.227) 8483
2388 (619.587, 714.844) 10754
2389 (232.059, 716.565) 7622
2390 (653.175, 714.508) 9317
2391 (939.361, 715.807) 10476
2392 (972.945, 715.308) 8782
2393 (586.000, 716.287) 8711
2394 (905.771, 716.304) 6531
2395 (552.742, 716.308) 6119
2396 (872.034, 717.342) 6558
2397 (165.648, 719.417) 9251
2398 (198.925, 718.366) 5820
2399 (838.562, 718.716) 11937
2400 (131.808, 720.061) 12297
2401 (804.841, 719.738) 15737
2402 (417.221, 720.842) 13794
2403 (451.173, 719.998) 14826
2404 (486.581, 719.057) 16968
2405 (519.731, 718.064) 10890
2406 (771.329, 720.590) 14042
2407 (98.171, 721.169) 13016
2408 (703.397, 721.423) 6192
2409 (737.639, 721.224) 6915
2410 (64.581, 722.053) 8591
2411 (350.737, 722.965) 7036
2412 (669.938, 722.689) 10851
2413 (31.553, 723.442) 6555
2414 (384.232, 722.220) 9136
2415 (990.024, 723.565) 12768
2416 (1020.932, 722.906) 0
2417 (316.958, 723.988) 9937
2418 (636.331, 724.291) 12660
2419 (956.231, 724.333) 15908
2420 (1.515, 725.364) 0
2421 (249.567, 726.100) 8738
2422 (283.257, 725.118) 12450
2423 (602.691, 725.506) 10544
2424 (923.472, 725.680) 9694
2425 (216.183, 726.940) 6227
2426 (889.184, 726.216) 7682
2427 (569.324, 725.787) 7455
2428 (855.554, 727.476) 6699
2429 (182.324, 728.206) 6939
2430 (536.000, 727.219) 6372
2431 (821.689, 728.100) 7226
2432 (148.745, 728.860) 6136
2433 (502.638, 727.648) 7320
2434 (753.883, 729.160) 8537
2435 (787.619, 729.099) 8476
2436 (115.106, 730.350) 5579
2437 (400.875, 730.477) 11299
2438 (434.389, 729.693) 6363
2439 (468.874, 728.514) 6626
2440 (686.910, 731.179) 7190
2441 (720.239, 730.385) 8288
2442 (82.165, 730.886) 11288
2443 (367.891, 731.820) 13968
2444 (973.275, 733.076) 7450
2445 (1006.470, 731.942) 7653
2446 (15.012, 733.335) 10040
2447 (48.014, 732.033) 14169
2448 (333.595, 732.842) 13379
2449 (619.969, 733.849) 7782
2450 (653.622, 732.767) 6042
2451 (939.831, 734.176) 10113
2452 (232.769, 735.529) 11508
2453 (266.437, 735.129) 8134
2454 (299.961, 734.000) 7562
2455 (586.447, 734.924) 10790
2456 (906.116, 735.358) 13963
2457 (198.926, 736.761) 13273
2458 (553.452, 736.141) 14361
2459 (838.299, 736.361) 12538
2460 (872.101, 736.117) 15203
2461 (164.893, 737.708) 11258
2462 (485.781, 737.366) 6758
2463 (519.026, 736.843) 15014
2464 (804.800, 737.372) 6856
2465 (132.022, 738.706) 6472
2466 (770.700, 738.682) 7976
2467 (98.394, 739.627) 6310
2468 (451.958, 739.058) 7081
2469 (737.557, 739.630) 14405
2470 (64.649, 740.714) 8650
2471 (417.173, 739.299) 6221
2472 (703.095, 740.506) 11674
2473 (1020.770, 741.277) 0
2474 (350.836, 741.610) 12585
2475 (384.411, 740.744) 10394
2476 (636.652, 741.709) 5095
2477 (670.231, 741.243) 9969
2478 (990.112, 742.452) 9188
2479 (31.142, 741.755) 10172
2480 (317.191, 742.651) 8844
2481 (1.246, 743.500) 0
2482 (249.353, 744.565) 6755
2483 (603.108, 743.394) 7926
2484 (956.238, 743.311) 6589
2485 (283.766, 744.138) 7355
2486 (888.749, 744.524) 11229
2487 (923.038, 743.984) 10335
2488 (182.696, 746.807) 7845
2489 (216.238, 745.919) 6770
2490 (569.038, 744.540) 6926
2491 (855.371, 745.203) 10625
2492 (535.692, 745.622) 7921
2493 (821.565, 746.310) 8934
2494 (148.529, 747.573) 11338
2495 (503.053, 746.174) 10213
2496 (788.942, 747.922) 9038
2497 (81.974, 749.704) 9287
2498 (115.205, 748.646) 14116
2499 (754.825, 748.874) 6414
2500 (401.236, 749.817) 10250
2501 (435.025, 748.978) 12419
2502 (469.246, 748.028) 13028
2503 (367.661, 750.921) 9525
2504 (687.409, 750.627) 9784
2505 (720.704, 750.091) 6049
2506 (48.764, 750.929) 6689
2507 (333.756, 751.075) 13694
2508 (654.032, 751.776) 13443
2509 (972.885, 751.718) 13390
2510 (1006.947, 751.621) 10689
2511 (14.476, 752.016) 8050
2512 (266.547, 753.462) 11470
2513 (300.002, 752.544) 17113
2514 (585.892, 753.408) 9542
2515 (619.490, 752.071) 13279
2516 (905.820, 753.668) 8911
2517 (938.877, 752.190) 11352
2518 (552.915, 753.667) 7597
2519 (872.046, 754.349) 9068
2520 (233.163, 754.706) 6630
2521 (199.168, 755.827) 5949
2522 (518.979, 754.674) 8735
2523 (838.944, 755.478) 14149
2524 (804.860, 756.856) 15807
2525 (166.192, 757.126) 8830
2526 (771.521, 757.669) 12303
2527 (132.793, 758.022) 10520
2528 (485.911, 756.798) 11960
2529 (737.115, 758.512) 7282
2530 (98.868, 758.936) 8693
2531 (418.476, 758.895) 9246
2532 (452.475, 758.368) 9892
2533 (703.491, 759.310) 5753
2534 (1020.855, 759.303) 0
2535 (65.734, 759.552) 7840
2536 (384.758, 759.575) 8427
2537 (670.007, 760.932) 7868
2538 (956.095, 761.781) 12276
2539 (989.924, 761.395) 13485
2540 (31.263, 761.202) 5982
2541 (317.281, 761.543) 6917
2542 (350.914, 760.066) 8586
2543 (602.764, 762.549) 8931
2544 (636.730, 761.649) 8584
2545 (922.625, 763.037) 8383
2546 (283.153, 762.247) 8376
2547 (1.276, 762.299) 0
2548 (249.556, 763.255) 8829
2549 (569.100, 763.701) 10671
2550 (216.096, 764.622) 10354
2551 (535.793, 763.911) 9905
2552 (889.056, 764.118) 8333
2553 (821.230, 765.557) 6968
2554 (856.070, 765.113) 8756
2555 (148.283, 766.593) 8454
2556 (181.654, 765.890) 9836
2557 (469.432, 766.198) 6773
2558 (502.560, 765.089) 8763
2559 (753.791, 767.582) 12433
2560 (787.895, 766.496) 8113
2561 (114.991, 767.376) 7288
2562 (401.019, 768.439) 13435
2563 (81.195, 768.284) 12846
2564 (434.643, 767.185) 9920
2565 (687.032, 769.000) 12135
2566 (720.541, 768.493) 13943
2567 (1006.725, 769.990) 8323
2568 (48.309, 769.904) 15085
2569 (367.755, 769.998) 15113
2570 (653.067, 770.366) 7948
2571 (334.164, 770.507) 10881
2572 (973.623, 771.221) 6942
2573 (14.404, 770.991) 12563
2574 (300.842, 771.758) 5791
2575 (939.324, 771.822) 11525
2576 (266.641, 772.154) 11785
2577 (552.982, 772.406) 14983
2578 (586.527, 772.426) 11284
2579 (619.745, 771.773) 7561
2580 (905.897, 772.702) 16595
2581 (233.274, 773.129) 11252
2582 (519.835, 773.291) 10692
2583 (872.533, 773.241) 15411
2584 (165.368, 775.527) 9109
2585 (199.138, 774.552) 11502
2586 (838.462, 774.420) 11643
2587 (132.372, 776.268) 6957
2588 (485.664, 774.970) 6872
2589 (805.350, 775.920) 6870
2590 (418.201, 777.430) 6889
2591 (452.136, 776.614) 7092
2592 (771.474, 777.250) 7428
2593 (98.397, 777.366) 7124
2594 (737.820, 777.589) 8649
2595 (65.054, 778.839) 5908
2596 (670.075, 779.176) 9443
2597 (703.280, 778.082) 8912
2598 (384.415, 779.093) 7449
2599 (637.282, 780.132) 7579
2600 (989.145, 779.608) 7754
2601 (1020.894, 778.932) 0
2602 (31.500, 779.675) 7354
2603 (317.131, 780.244) 10616
2604 (350.532, 779.567) 10416
2605 (955.916, 780.359) 6418
2606 (1.667, 781.273) 0
2607 (249.836, 782.167) 5797
2608 (283.331, 781.113) 8869
2609 (535.547, 781.746) 7978
2610 (569.065, 781.364) 7225
2611 (603.234, 780.849) 6603
2612 (889.151, 782.336) 7407
2613 (921.669, 781.405) 6842
2614 (215.978, 783.268) 6554
2615 (855.505, 783.417) 10534
2616 (149.422, 785.286) 16242
2617 (182.769, 784.763) 10524
2618 (821.679, 784.783) 14773
2619 (115.402, 786.356) 14843
2620 (435.131, 786.495) 12822
2621 (469.214, 785.447) 16556
2622 (503.325, 784.912) 12979
2623 (788.305, 786.179) 13652
2624 (81.526, 787.068) 8348
2625 (687.163, 788.054) 13086
2626 (720.926, 787.420) 6057
2627 (754.551, 786.897) 7225
2628 (1006.291, 788.439) 12397
2629 (48.293, 788.156) 6702
2630 (367.699, 787.522) 9161
2631 (401.102, 787.096) 10259
2632 (653.312, 788.940) 14770
2633 (939.082, 790.513) 12012
2634 (972.894, 789.113) 15879
2635 (14.546, 788.972) 7951
2636 (333.904, 788.658) 11753
2637 (586.394, 790.653) 6969
2638 (619.596, 789.819) 11263
2639 (267.075, 791.355) 9444
2640 (300.476, 790.014) 14473
2641 (233.674, 792.549) 5472
2642 (552.498, 791.635) 6127
2643 (838.759, 792.858) 10768
2644 (872.632, 792.256) 8574
2645 (905.651, 791.805) 8329
2646 (519.545, 792.921) 6591
2647 (200.198, 793.123) 6942
2648 (805.670, 794.195) 12101
2649 (166.029, 794.090) 6432
2650 (99.286, 796.078) 8779
2651 (132.786, 794.932) 8177
2652 (418.561, 795.505) 11297
2653 (452.217, 794.772) 8937
2654 (486.246, 793.952) 8213
2655 (771.280, 795.026) 9825
2656 (351.371, 797.717) 10385
2657 (385.452, 797.409) 12107
2658 (703.645, 797.179) 7130
2659 (737.324, 795.898) 8342
2660 (1020.640, 795.890) 0
2661 (65.569, 797.362) 12831
2662 (670.642, 798.474) 6581
2663 (637.533, 799.347) 9194
2664 (956.323, 799.535) 8932
2665 (990.526, 798.735) 9832
2666 (32.427, 799.465) 10276
2667 (318.187, 800.041) 5715
2668 (604.019, 800.119) 10234
2669 (922.847, 800.585) 11773
2670 (570.412, 800.760) 12052
2671 (1.510, 800.000) 0
2672 (284.816, 801.085) 10578
2673 (536.492, 801.578) 13377
2674 (889.513, 801.739) 13173
2675 (182.575, 802.671) 8276
2676 (216.685, 801.949) 13742
2677 (250.695, 801.848) 15437
2678 (821.907, 802.923) 7264
2679 (855.748, 802.498) 11211
2680 (468.547, 802.902) 7748
2681 (503.248, 802.374) 7174
2682 (754.655, 804.515) 15495
2683 (788.257, 803.937) 10049
2684 (115.881, 805.246) 7784
2685 (149.603, 803.931) 6441
2686 (435.525, 804.806) 11859
2687 (721.059, 806.017) 16199
2688 (82.264, 806.397) 11546
2689 (402.133, 806.233) 14005
2690 (368.623, 807.381) 10596
2691 (687.497, 808.088) 9424
2692 (1006.555, 807.651) 8901
2693 (653.856, 808.583) 6073
2694 (973.401, 808.597) 7535
2695 (15.340, 808.634) 8699
2696 (48.901, 807.963) 11467
2697 (334.604, 808.701) 8502
2698 (939.838, 809.176) 12696
2699 (267.141, 809.887) 8186
2700 (301.459, 809.685) 6595
2701 (552.968, 810.540) 9191
2702 (586.990, 810.181) 9933
2703 (620.626, 809.595) 7980
2704 (905.812, 810.211) 14542
2705 (200.002, 811.509) 8537
2706 (233.335, 810.892) 9834
2707 (519.738, 811.000) 8252
2708 (838.144, 811.538) 8491
2709 (872.170, 811.174) 12330
2710 (166.693, 813.283) 8688
2711 (771.715, 814.031) 6330
2712 (805.125, 813.037) 7276
2713 (452.118, 813.461) 8869
2714 (486.174, 812.437) 9045
2715 (132.889, 814.267) 10216
2716 (737.871, 814.703) 6778
2717 (98.631, 815.100) 7905
2718 (418.957, 815.122) 8713
2719 (703.838, 816.101) 9597
2720 (65.233, 816.071) 6937
2721 (351.509, 817.140) 14271
2722 (385.360, 816.317) 7652
2723 (670.859, 817.692) 13802
2724 (1020.918, 815.826) 0
2725 (31.849, 817.017) 11729
2726 (637.398, 817.916) 10503
2727 (956.755, 818.473) 8940
2728 (990.590, 817.432) 8758
2729 (317.916, 818.352) 15846
2730 (603.323, 818.467) 7246
2731 (922.748, 819.232) 8078
2732 (1.479, 818.265) 0
2733 (284.097, 819.097) 10307
2734 (569.540, 819.542) 6527
2735 (855.602, 820.529) 12936
2736 (889.057, 819.795) 8005
2737 (216.749, 820.532) 9072
2738 (250.805, 819.864) 6475
2739 (536.553, 820.761) 10313
2740 (821.659, 821.783) 18069
2741 (503.108, 821.343) 13035
2742 (183.407, 822.138) 12672
2743 (469.358, 822.644) 13098
2744 (787.883, 822.835) 12642
2745 (115.375, 823.738) 10814
2746 (150.107, 823.003) 11753
2747 (435.643, 823.684) 9233
2748 (754.977, 824.393) 6163
2749 (81.922, 824.387) 6719
2750 (401.578, 824.700) 6866
2751 (720.793, 825.032) 6249
2752 (368.418, 825.951) 7913
2753 (1007.052, 826.216) 16202
2754 (14.904, 826.787) 8010
2755 (48.475, 825.901) 7863
2756 (653.747, 827.189) 12062
2757 (687.138, 826.615) 8934
2758 (334.410, 826.947) 8021
2759 (619.635, 827.487) 9159
2760 (973.248, 826.974) 15451
2761 (300.735, 827.785) 8524
2762 (586.077, 828.107) 7559
2763 (905.791, 829.066) 7214
2764 (939.476, 828.177) 11304
2765 (233.947, 830.292) 8750
2766 (267.300, 829.021) 8833
2767 (519.998, 830.525) 6033
2768 (552.921, 829.147) 7110
2769 (872.476, 829.648) 6879
2770 (838.623, 831.053) 6825
2771 (166.176, 832.138) 5209
2772 (199.797, 831.221) 8246
2773 (486.366, 831.963) 6020
2774 (804.827, 832.000) 8269
2775 (132.126, 832.698) 6536
2776 (771.283, 833.171) 10609
2777 (98.752, 833.469) 12094
2778 (384.516, 834.692) 13866
2779 (418.614, 834.309) 14676
2780 (452.367, 832.866) 11889
2781 (65.241, 834.513) 16090
2782 (704.161, 834.957) 9269
2783 (738.111, 834.427) 12420
2784 (1021.118, 834.682) 0
2785 (351.448, 835.362) 10003
2786 (670.137, 836.016) 6293
2787 (317.703, 836.848) 6284
2788 (602.845, 837.168) 14550
2789 (636.989, 836.925) 10581
2790 (956.187, 837.114) 10759
2791 (990.042, 836.042) 8680
2792 (31.677, 836.529) 10289
2793 (922.271, 837.777) 15468
2794 (1.577, 837.797) 0
2795 (283.618, 837.612) 10282
2796 (569.528, 838.730) 12708
2797 (888.986, 838.818) 15581
2798 (249.915, 838.669) 15649
2799 (536.914, 839.693) 10449
2800 (855.246, 840.297) 12169
2801 (216.614, 840.223) 12098
2802 (821.894, 840.812) 6917
2803 (149.647, 841.568) 6097
2804 (183.209, 841.047) 8439
2805 (469.554, 841.647) 7171
2806 (503.114, 841.274) 5893
2807 (754.506, 842.506) 11152
2808 (787.985, 841.743) 9219
2809 (115.360, 842.557) 5938
2810 (435.897, 842.631) 9069
2811 (82.268, 843.959) 7429
2812 (687.548, 844.951) 7341
2813 (720.655, 843.659) 11328
2814 (48.458, 844.336) 9563
2815 (402.493, 843.743) 9250
2816 (368.912, 844.650) 9804
2817 (653.547, 845.845) 6385
2818 (972.931, 845.835) 9293
2819 (1006.909, 845.136) 7148
2820 (15.565, 845.867) 8873
2821 (266.930, 847.287) 6468
2822 (335.114, 845.990) 8953
2823 (620.529, 846.754) 7427
2824 (939.501, 846.770) 10113
2825 (300.854, 846.518) 8255
2826 (586.993, 847.735) 7190
2827 (233.868, 848.176) 6406
2828 (872.604, 848.957) 9999
2829 (906.158, 847.923) 10060
2830 (553.650, 848.888) 9643
2831 (166.538, 850.871) 13397
2832 (200.267, 849.813) 10968
2833 (486.714, 850.432) 11096
2834 (520.211, 849.832) 11936
2835 (771.837, 852.118) 5943
2836 (805.055, 851.128) 11493
2837 (838.944, 850.286) 13505
2838 (132.727, 852.173) 12485
2839 (418.902, 852.104) 7180
2840 (452.681, 851.234) 9004
2841 (99.506, 852.760) 6882
2842 (738.072, 853.122) 7403
2843 (31.965, 854.675) 10943
2844 (65.901, 853.505) 8084
2845 (385.817, 853.904) 9774
2846 (704.061, 854.274) 12917
2847 (1021.181, 853.311) 0
2848 (351.650, 854.663) 13819
2849 (669.995, 855.026) 15719
2850 (990.244, 854.858) 15055
2851 (317.917, 855.172) 14795
2852 (637.039, 855.678) 11865
2853 (922.737, 856.533) 9058
2854 (956.239, 855.946) 12272
2855 (1.667, 856.507) 0
2856 (284.175, 856.629) 10621
2857 (603.773, 856.462) 6828
2858 (250.266, 857.081) 6007
2859 (569.020, 856.988) 7022
2860 (888.935, 858.543) 8130
2861 (216.045, 858.566) 6137
2862 (855.321, 859.111) 11113
2863 (183.354, 859.841) 9580
2864 (469.250, 860.087) 10556
2865 (503.164, 859.684) 9617
2866 (536.913, 859.209) 9277
2867 (788.740, 861.292) 9098
2868 (822.589, 860.338) 13022
2869 (149.871, 861.262) 8867
2870 (435.255, 861.760) 8207
2871 (754.969, 862.263) 6151
2872 (82.596, 862.772) 10622
2873 (115.737, 862.499) 9515
2874 (721.769, 862.964) 6568
2875 (48.572, 863.588) 8738
2876 (401.900, 863.064) 9556
2877 (687.095, 863.667) 6590
2878 (1007.288, 863.836) 12829
2879 (14.549, 864.768) 6081
2880 (334.587, 864.148) 5353
2881 (368.518, 863.949) 6706
2882 (653.499, 864.308) 8048
2883 (300.989, 865.120) 8682
2884 (586.584, 866.032) 10559
2885 (620.393, 865.714) 11013
2886 (973.316, 864.928) 11690
2887 (267.715, 866.800) 12399
2888 (906.468, 867.282) 10932
2889 (939.721, 866.349) 9844
2890 (233.716, 867.769) 12883
2891 (873.142, 867.903) 9119
2892 (200.262, 868.487) 8061
2893 (166.606, 869.599) 6989
2894 (452.877, 869.762) 14160
2895 (486.279, 869.215) 7151
2896 (520.141, 868.818) 7798
2897 (553.797, 868.283) 10354
2898 (805.271, 869.891) 9264
2899 (839.369, 869.205) 6320
2900 (133.144, 870.823) 10212
2901 (771.699, 870.535) 14913
2902 (419.135, 871.209) 16043
2903 (738.391, 871.717) 13869
2904 (32.008, 873.902) 7913
2905 (65.817, 872.844) 12345
2906 (99.698, 871.764) 12885
2907 (351.426, 872.961) 7799
2908 (385.051, 872.423) 12301
2909 (670.167, 873.362) 6171
2910 (704.166, 872.768) 9057
2911 (1020.752, 872.239) 0
2912 (1.859, 874.606) 0
2913 (318.181, 874.412) 5034
2914 (637.185, 874.750) 7576
2915 (990.681, 874.112) 11218
2916 (284.553, 875.244) 10218
2917 (249.968, 875.951) 12406
2918 (604.173, 875.651) 12440
2919 (956.881, 875.719) 14719
2920 (536.277, 876.788) 8793
2921 (569.546, 875.968) 11850
2922 (889.733, 876.747) 12055
2923 (923.184, 876.175) 15960
2924 (216.931, 877.595) 9534
2925 (503.486, 877.564) 8104
2926 (856.322, 877.630) 8825
2927 (182.828, 878.154) 7324
2928 (469.782, 878.255) 6569
2929 (788.373, 878.823) 7646
2930 (822.284, 878.526) 6152
2931 (755.104, 880.104) 7953
2932 (115.868, 880.456) 6877
2933 (149.280, 879.654) 9634
2934 (402.533, 880.809) 8055
2935 (435.548, 879.742) 6812
2936 (721.648, 881.047) 8703
2937 (82.804, 881.730) 7219
2938 (368.976, 881.939) 11236
2939 (49.299, 882.556) 9791
2940 (1008.010, 883.021) 6759
2941 (15.234, 883.201) 12384
2942 (654.136, 883.318) 7634
2943 (687.674, 882.662) 10941
2944 (973.872, 883.523) 8488
2945 (267.768, 884.785) 5672
2946 (301.586, 883.972) 7209
2947 (335.309, 883.371) 12556
2948 (586.757, 884.657) 7428
2949 (620.501, 883.998) 6382
2950 (940.825, 884.145) 8077
2951 (233.962, 885.610) 10210
2952 (553.780, 885.714) 11568
2953 (873.003, 885.824) 12850
2954 (906.084, 884.918) 8503
2955 (166.258, 887.886) 13549
2956 (200.271, 887.076) 13950
2957 (520.186, 886.421) 17037
2958 (487.388, 887.880) 15679
2959 (806.068, 888.125) 13354
2960 (840.182, 887.173) 16167
2961 (453.348, 889.107) 8022
2962 (772.553, 889.151) 6864
2963 (132.739, 888.986) 11099
2964 (419.506, 890.078) 7195
2965 (738.703, 890.193) 9821
2966 (99.770, 890.333) 6403
2967 (386.339, 890.649) 8710
2968 (704.449, 890.422) 11544
2969 (32.253, 892.598) 7734
2970 (66.178, 891.591) 5792
2971 (352.006, 891.643) 10104
2972 (670.534, 891.857) 14783
2973 (990.936, 891.797) 13523
2974 (1021.005, 890.678) 0
2975 (2.442, 893.783) 0
2976 (318.578, 892.547) 10210
2977 (636.987, 893.020) 9790
2978 (957.453, 892.729) 9819
2979 (603.441, 893.823) 6870
2980 (923.408, 894.086) 6411
2981 (250.653, 894.624) 5530
2982 (284.859, 894.030) 8018
2983 (890.335, 895.170) 8722
2984 (183.213, 896.552) 7557
2985 (217.118, 895.488) 7867
2986 (537.305, 895.844) 7488
2987 (570.182, 894.883) 6534
2988 (856.759, 896.608) 7806
2989 (504.295, 896.742) 8195
2990 (823.119, 897.238) 9128
2991 (149.980, 897.942) 8519
2992 (789.283, 898.266) 10004
2993 (116.313, 898.828) 12054
2994 (470.424, 897.728) 10829
2995 (755.735, 898.855) 9657
2996 (403.014, 899.433) 11477
2997 (436.043, 898.728) 14200
2998 (687.551, 900.445) 7581
2999 (721.747, 899.612) 6585
3000 (82.853, 900.132) 12504
3001 (369.288, 900.569) 6287
3002 (1007.683, 900.561) 10026
3003 (50.024, 901.373) 7893
3004 (654.036, 902.105) 9413
3005 (940.662, 902.639) 14208
3006 (973.534, 901.859) 11542
3007 (15.369, 902.104) 4859
3008 (301.467, 902.451) 9913
3009 (335.428, 901.539) 5359
3010 (267.278, 903.045) 14186
3011 (553.856, 904.265) 9234
3012 (587.022, 903.383) 16068
3013 (620.662, 902.880) 14481
3014 (234.253, 904.629) 14048
3015 (906.966, 904.000) 12439
3016 (200.480, 905.568) 7412
3017 (521.568, 905.617) 7577
3018 (873.443, 905.419) 9085
3019 (486.831, 906.056) 10499
3020 (738.677, 907.899) 11501
3021 (840.085, 906.489) 6317
3022 (133.044, 907.647) 9394
3023 (166.680, 906.913) 7419
3024 (419.890, 907.984) 12067
3025 (453.306, 907.235) 12791
3026 (772.266, 907.475) 16871
3027 (806.423, 907.138) 11560
3028 (99.580, 908.340) 11091
3029 (704.667, 909.131) 6242
3030 (65.873, 909.671) 8958
3031 (352.065, 909.625) 5817
3032 (385.827, 909.230) 9402
3033 (1021.510, 909.129) 0
3034 (2.152, 911.857) 0
3035 (32.695, 910.584) 6728
3036 (318.316, 910.878) 5646
3037 (671.130, 910.277) 6656
3038 (603.767, 911.751) 10636
3039 (637.690, 911.145) 10416
3040 (957.776, 911.614) 13485
3041 (991.596, 910.890) 12546
3042 (284.488, 911.581) 6213
3043 (569.832, 912.420) 9666
3044 (924.221, 912.136) 13559
3045 (251.490, 912.861) 8475
3046 (537.439, 914.014) 10001
3047 (856.833, 914.391) 7808
3048 (890.267, 913.318) 9079
3049 (217.963, 914.289) 8906
3050 (149.956, 915.842) 10506
3051 (184.085, 914.959) 10819
3052 (504.301, 914.886) 9981
3053 (823.745, 915.826) 7601
3054 (116.485, 916.919) 8408
3055 (436.384, 916.126) 7127
3056 (470.367, 915.940) 8878
3057 (755.420, 916.504) 7339
3058 (789.861, 916.415) 6386
3059 (403.382, 917.622) 12150
3060 (687.610, 917.996) 13593
3061 (721.757, 917.339) 9453
3062 (82.667, 918.434) 8343
3063 (369.431, 918.622) 15125
3064 (654.551, 919.602) 9822
3065 (49.909, 919.596) 13170
3066 (335.781, 919.997) 15829
3067 (16.392, 920.724) 12771
3068 (301.788, 920.478) 9110
3069 (586.990, 921.265) 7994
3070 (907.615, 921.751) 12590
3071 (940.909, 920.911) 7906
3072 (974.287, 920.390) 8937
3073 (1008.024, 919.509) 9963
3074 (267.937, 921.844) 6456
3075 (620.954, 921.201) 7372
3076 (234.683, 923.069) 10875
3077 (554.013, 922.678) 12532
3078 (873.657, 923.010) 15739
3079 (200.445, 923.747) 14296
3080 (521.415, 923.513) 14152
3081 (840.068, 924.592) 14343
3082 (166.931, 925.000) 12377
3083 (486.403, 924.345) 11771
3084 (806.483, 925.457) 10874
3085 (99.537, 926.728) 6926
3086 (133.201, 925.990) 9501
3087 (419.102, 926.193) 6695
3088 (453.082, 925.681) 7315
3089 (738.488, 925.818) 8030
3090 (772.591, 925.623) 5243
3091 (705.098, 927.188) 12092
3092 (385.711, 927.527) 6353
3093 (1021.528, 926.423) 0
3094 (66.801, 928.069) 6118
3095 (352.466, 928.772) 8257
3096 (671.262, 928.081) 11817
3097 (957.701, 929.832) 7205
3098 (991.695, 928.991) 9897
3099 (32.975, 929.183) 7159
3100 (318.968, 929.734) 8788
3101 (2.144, 930.446) 0
3102 (285.128, 930.558) 8525
3103 (570.647, 931.549) 7434
3104 (604.132, 929.917) 7304
3105 (638.194, 929.808) 9018
3106 (924.004, 930.898) 7697
3107 (251.393, 931.622) 8188
3108 (538.003, 932.955) 6956
3109 (856.734, 932.956) 7188
3110 (890.530, 932.103) 7308
3111 (183.783, 933.781) 8745
3112 (218.057, 933.464) 5582
3113 (150.000, 934.449) 10332
3114 (470.549, 934.584) 15298
3115 (504.196, 934.152) 10825
3116 (755.363, 935.087) 10445
3117 (823.818, 934.448) 9658
3118 (83.402, 936.603) 13045
3119 (116.389, 935.413) 16037
3120 (402.138, 935.746) 14182
3121 (436.616, 935.042) 15740
3122 (688.126, 936.235) 6591
3123 (721.432, 936.283) 8942
3124 (789.309, 934.823) 13095
3125 (369.486, 937.263) 5805
3126 (49.735, 937.906) 8706
3127 (1008.292, 938.021) 9900
3128 (335.970, 938.355) 6991
3129 (655.425, 938.147) 13626
3130 (974.900, 938.946) 13868
3131 (16.612, 939.338) 3983
3132 (302.445, 939.160) 12373
3133 (621.586, 939.076) 16278
3134 (907.626, 940.618) 11785
3135 (941.667, 939.867) 15519
3136 (268.635, 940.309) 13315
3137 (588.619, 940.268) 11651
3138 (874.005, 941.380) 7147
3139 (235.550, 941.615) 8158
3140 (167.333, 942.567) 7539
3141 (201.664, 942.002) 6184
3142 (555.315, 941.966) 8361
3143 (840.698, 943.003) 7861
3144 (133.594, 943.514) 9281
3145 (521.609, 942.722) 6544
3146 (772.434, 944.538) 11650
3147 (807.690, 943.586) 12826
3148 (99.938, 945.677) 6823
3149 (386.368, 945.875) 10516
3150 (420.130, 944.954) 10301
3151 (453.430, 943.835) 9759
3152 (488.371, 943.688) 8051
3153 (739.120, 945.460) 9691
3154 (671.982, 946.465) 7974
3155 (705.365, 945.823) 8108
3156 (66.792, 946.255) 9045
3157 (352.701, 946.817) 9065
3158 (991.892, 946.959) 11744
3159 (1021.463, 946.374) 0
3160 (33.743, 948.093) 8893
3161 (319.319, 947.961) 6539
3162 (638.442, 947.909) 8678
3163 (958.250, 948.351) 12082
3164 (2.598, 949.453) 0
3165 (252.647, 949.931) 9609
3166 (286.033, 949.025) 5935
3167 (571.793, 949.697) 13015
3168 (605.647, 949.015) 9110
3169 (891.511, 950.617) 10578
3170 (924.884, 949.602) 10745
3171 (184.668, 951.665) 14440
3172 (218.436, 950.853) 13434
3173 (538.881, 950.890) 14121
3174 (857.599, 951.662) 12898
3175 (150.580, 952.851) 9269
3176 (505.052, 952.056) 10763
3177 (824.202, 952.623) 9474
3178 (756.638, 954.071) 11730
3179 (790.615, 953.037) 7785
3180 (117.657, 954.519) 7442
3181 (471.281, 953.032) 6867
3182 (83.504, 954.736) 8936
3183 (438.048, 954.521) 10155
3184 (722.703, 955.004) 15904
3185 (50.229, 955.983) 12364
3186 (369.785, 955.902) 16211
3187 (404.150, 955.309) 14677
3188 (689.479, 955.774) 15016
3189 (336.657, 956.499) 10751
3190 (655.602, 957.015) 10363
3191 (975.554, 956.972) 7384
3192 (1009.523, 956.527) 6808
3193 (16.989, 957.489) 10400
3194 (302.596, 957.157) 6940
3195 (942.199, 958.010) 10378
3196 (235.804, 959.740) 9897
3197 (269.204, 958.546) 5979
3198 (555.800, 959.570) 12113
3199 (589.000, 958.098) 11338
3200 (622.777, 957.787) 8500
3201 (908.467, 959.773) 12524
3202 (874.932, 960.377) 14146
3203 (168.381, 961.768) 9354
3204 (202.643, 960.989) 10521
3205 (488.385, 961.324) 7518
3206 (522.231, 960.739) 10998
3207 (841.455, 961.273) 11310
3208 (134.916, 962.865) 10179
3209 (454.837, 962.746) 9238
3210 (807.566, 962.110) 7125
3211 (67.650, 965.193) 6698
3212 (101.069, 963.752) 9320
3213 (773.813, 962.931) 6580
3214 (387.195, 964.805) 5874
3215 (421.287, 964.082) 7908
3216 (740.293, 964.066) 7967
3217 (34.175, 966.545) 5830
3218 (353.731, 965.657) 7944
3219 (706.547, 965.064) 9308
3220 (319.906, 966.630) 12812
3221 (673.351, 966.086) 10465
3222 (992.763, 965.778) 7329
3223 (3.132, 967.678) 0
3224 (286.971, 967.281) 11608
3225 (573.054, 968.468) 6242
3226 (640.083, 966.950) 11198
3227 (959.232, 966.844) 7337
3228 (1022.556, 963.778) 0
3229 (253.161, 968.271) 6769
3230 (606.565, 967.817) 8157
3231 (892.116, 968.695) 8048
3232 (925.680, 967.914) 8450
3233 (185.420, 970.184) 9620
3234 (219.025, 969.199) 5342
3235 (505.918, 970.053) 14195
3236 (539.097, 969.189) 8407
3237 (858.512, 969.713) 8503
3238 (151.600, 970.920) 16735
3239 (472.522, 971.542) 13803
3240 (790.973, 971.708) 15024
3241 (824.752, 970.777) 13932
3242 (84.880, 973.489) 11051
3243 (118.457, 973.033) 14691
3244 (404.130, 972.792) 8313
3245 (437.985, 972.140) 13880
3246 (757.306, 972.944) 11184
3247 (723.205, 973.486) 9441
3248 (50.890, 975.169) 5270
3249 (690.173, 974.534) 10341
3250 (370.954, 975.074) 6172
3251 (656.675, 975.494) 16481
3252 (1010.344, 974.953) 13207
3253 (17.477, 976.466) 6837
3254 (303.312, 976.065) 9465
3255 (336.733, 975.630) 7976
3256 (589.431, 976.623) 10488
3257 (623.047, 976.340) 13524
3258 (909.024, 976.882) 8566
3259 (942.375, 976.232) 14130
3260 (976.101, 975.470) 14955
3261 (236.085, 977.962) 7179
3262 (269.459, 977.391) 10470
3263 (556.534, 977.695) 6277
3264 (875.081, 978.557) 5959
3265 (202.152, 978.914) 6430
3266 (522.799, 979.261) 6799
3267 (841.894, 979.968) 6980
3268 (135.300, 981.711) 7268
3269 (169.035, 980.565) 6343
3270 (454.962, 980.838) 7519
3271 (488.710, 980.145) 7657
3272 (808.104, 980.656) 8729
3273 (421.040, 982.201) 9315
3274 (740.314, 982.925) 10526
3275 (67.663, 982.643) 12287
3276 (100.675, 982.476) 8777
3277 (707.054, 983.584) 11830
3278 (774.183, 982.107) 10728
3279 (673.403, 984.106) 7953
3280 (34.024, 984.411) 12979
3281 (319.689, 984.501) 6768
3282 (353.393, 983.642) 11327
3283 (387.567, 983.669) 14842
3284 (639.469, 984.550) 7158
3285 (992.891, 984.018) 8091
3286 (3.026, 985.744) 0
3287 (926.012, 986.320) 10910
3288 (959.777, 985.385) 7751
3289 (252.628, 986.915) 13807
3290 (286.347, 986.176) 5645
3291 (573.074, 986.661) 16577
3292 (606.224, 986.304) 11796
3293 (539.354, 987.689) 15822
3294 (858.360, 988.433) 12575
3295 (892.390, 987.553) 15637
3296 (1022.667, 984.000) 0
3297 (219.602, 988.296) 15961
3298 (185.810, 989.517) 11964
3299 (472.073, 989.937) 5888
3300 (505.249, 988.918) 9796
3301 (825.101, 989.857) 7828
3302 (85.352, 991.920) 9537
3303 (118.050, 990.932) 5796
3304 (152.147, 990.265) 6719
3305 (438.507, 990.826) 8525
3306 (791.261, 990.780) 8278
3307 (50.840, 992.766) 10086
3308 (757.755, 991.582) 13536
3309 (404.474, 992.607) 10683
3310 (656.988, 993.462) 7875
3311 (724.081, 992.511) 15696
3312 (370.831, 993.275) 11488
3313 (690.180, 993.210) 10544
3314 (17.787, 994.502) 8465
3315 (337.197, 994.005) 9210
3316 (942.973, 994.844) 10464
3317 (976.959, 994.064) 6289
3318 (1010.667, 993.384) 5691
3319 (303.367, 995.318) 6010
3320 (590.384, 995.833) 9135
3321 (623.500, 994.500) 9227
3322 (909.381, 996.029) 11893
3323 (269.983, 996.373) 5983
3324 (522.414, 997.297) 9295
3325 (556.293, 996.504) 8609
3326 (841.754, 997.652) 8459
3327 (875.462, 996.761) 10761
3328 (236.669, 997.170) 6880
3329 (168.958, 999.007) 10090
3330 (202.845, 997.879) 9180
3331 (489.152, 999.355) 12042
3332 (135.289, 999.744) 12908
3333 (455.477, 999.632) 12506
3334 (808.813, 999.876) 10346
3335 (101.715, 1000.309) 10790
3336 (421.845, 1000.669) 8064
3337 (740.917, 1001.117) 7267
3338 (774.910, 1000.494) 7766
3339 (68.566, 1001.910) 8521
3340 (34.964, 1003.551) 8689
3341 (320.006, 1003.689) 15966
3342 (388.158, 1001.661) 7061
3343 (673.444, 1002.736) 13656
3344 (706.901, 1002.270) 8957
3345 (3.077, 1004.869) 0
3346 (354.028, 1002.706) 9698
3347 (606.717, 1004.217) 7845
3348 (639.928, 1002.903) 13019
3349 (926.056, 1004.269) 7007
3350 (960.287, 1003.212) 7722
3351 (994.192, 1002.644) 6995
3352 (287.015, 1004.759) 12847
3353 (892.626, 1005.966) 8440
3354 (253.200, 1005.669) 6956
3355 (573.419, 1005.153) 7165
3356 (220.249, 1006.805) 7407
3357 (539.543, 1006.814) 10055
3358 (825.152, 1008.058) 16261
3359 (859.005, 1007.285) 10237
3360 (119.303, 1009.169) 11583
3361 (152.108, 1008.197) 13849
3362 (186.133, 1007.565) 9761
3363 (472.112, 1008.155) 11352
3364 (506.417, 1007.766) 11177
3365 (85.496, 1010.590) 8972
3366 (438.247, 1009.182) 10106
3367 (791.409, 1009.336) 14360
3368 (405.270, 1010.723) 6230
3369 (723.987, 1010.905) 7096
3370 (757.698, 1010.333) 9331
3371 (52.484, 1012.616) 7649
3372 (371.204, 1011.718) 6071
3373 (1010.742, 1011.049) 12366
3374 (337.822, 1012.831) 6213
3375 (657.361, 1012.593) 10136
3376 (690.230, 1011.501) 8036
3377 (18.514, 1013.281) 7397
3378 (304.042, 1013.942) 6773
3379 (623.930, 1012.965) 8917
3380 (910.402, 1014.740) 6319
3381 (943.369, 1013.514) 8888
3382 (977.369, 1012.753) 11803
3383 (269.963, 1014.646) 8629
3384 (590.642, 1014.210) 7684
3385 (236.813, 1015.354) 9707
3386 (523.113, 1015.917) 7773
3387 (557.380, 1015.126) 7995
3388 (169.405, 1016.882) 5957
3389 (203.219, 1016.204) 8203
3390 (489.118, 1017.134) 4910
3391 (842.609, 1016.649) 6522
3392 (774.715, 1018.297) 0
3393 (808.774, 1017.724) 0
3394 (876.540, 1016.701) 8440
3395 (136.727, 1018.814) 0
3396 (456.275, 1018.597) 0
3397 (707.640, 1019.358) 0
3398 (741.320, 1019.310) 0
3399 (35.474, 1020.173) 0
3400 (68.862, 1019.911) 0
3401 (102.218, 1019.545) 0
3402 (422.386, 1019.680) 0
3403 (2.743, 1020.481) 0
3404 (388.268, 1020.222) 0
3405 (640.803, 1020.515) 0
3406 (674.192, 1020.066) 0
3407 (994.497, 1020.206) 0
3408 (286.679, 1020.913) 0
3409 (354.525, 1020.681) 0
3410 (960.167, 1020.670) 0
3411 (321.009, 1021.160) 0
3412 (573.281, 1021.365) 0
3413 (606.954, 1021.142) 0
3414 (926.551, 1021.111) 0
3415 (1022.667, 1020.000) 0
3416 (219.207, 1021.704) 0
3417 (252.773, 1021.660) 0
3418 (539.311, 1021.748) 0
3419 (858.417, 1021.727) 0
3420 (892.951, 1021.688) 0
3421 (185.741, 1022.148) 0
3422 (824.744, 1022.103) 0
3423 (506.778, 1022.556) 0
3424 (791.000, 1022.583) 0
